# Renewables.ninja Solar photovoltaic power (PV) (Point API) - 48.150, 11.570 - Version: 1.1 (using GSEE v0.3.1) - License: https://creativecommons.org/licenses/by-nc/4.0/ - Reference: https://doi.org/10.1016/j.energy.2016.08.060
# Units: time in UTC, local_time in Europe/Berlin, electricity in kW, irradiance_direct in unknown, irradiance_diffuse in unknown, temperature in ºC
# {"units": {"time": "UTC", "local_time": "Europe/Berlin", "electricity": "kW", "irradiance_direct": "unknown", "irradiance_diffuse": "unknown", "temperature": "\u00baC"}, "params": {"local_time": "true", "header": "true", "lat": "48.14951", "lon": "11.56999", "date_from": "2019-01-01", "date_to": "2019-12-31", "dataset": "merra2", "capacity": "3", "system_loss": "0.1", "tracking": "0", "tilt": "30", "azim": "200", "raw": "true"}}
time,local_time,electricity,irradiance_direct,irradiance_diffuse,temperature
2019-01-01 00:00,2019-01-01 01:00,0,0,0,0.912
2019-01-01 01:00,2019-01-01 02:00,0,0,0,0.864
2019-01-01 02:00,2019-01-01 03:00,0,0,0,0.833
2019-01-01 03:00,2019-01-01 04:00,0,0,0,0.793
2019-01-01 04:00,2019-01-01 05:00,0,0,0,0.630
2019-01-01 05:00,2019-01-01 06:00,0,0,0,0.389
2019-01-01 06:00,2019-01-01 07:00,0,0,0,0.308
2019-01-01 07:00,2019-01-01 08:00,0.019,0.003,0.013,0.470
2019-01-01 08:00,2019-01-01 09:00,0.139,0.010,0.052,1.085
2019-01-01 09:00,2019-01-01 10:00,0.318,0.028,0.096,1.665
2019-01-01 10:00,2019-01-01 11:00,0.426,0.042,0.119,2.217
2019-01-01 11:00,2019-01-01 12:00,0.530,0.067,0.130,2.717
2019-01-01 12:00,2019-01-01 13:00,0.650,0.116,0.123,2.971
2019-01-01 13:00,2019-01-01 14:00,0.513,0.098,0.093,2.838
2019-01-01 14:00,2019-01-01 15:00,0.147,0.024,0.041,2.318
2019-01-01 15:00,2019-01-01 16:00,0,0.001,0.002,1.709
2019-01-01 16:00,2019-01-01 17:00,0,0,0,1.583
2019-01-01 17:00,2019-01-01 18:00,0,0,0,1.502
2019-01-01 18:00,2019-01-01 19:00,0,0,0,1.352
2019-01-01 19:00,2019-01-01 20:00,0,0,0,1.235
2019-01-01 20:00,2019-01-01 21:00,0,0,0,1.199
2019-01-01 21:00,2019-01-01 22:00,0,0,0,1.125
2019-01-01 22:00,2019-01-01 23:00,0,0,0,1.022
2019-01-01 23:00,2019-01-02 00:00,0,0,0,0.980
2019-01-02 00:00,2019-01-02 01:00,0,0,0,0.729
2019-01-02 01:00,2019-01-02 02:00,0,0,0,0.314
2019-01-02 02:00,2019-01-02 03:00,0,0,0,-0.228
2019-01-02 03:00,2019-01-02 04:00,0,0,0,-0.674
2019-01-02 04:00,2019-01-02 05:00,0,0,0,-0.950
2019-01-02 05:00,2019-01-02 06:00,0,0,0,-0.992
2019-01-02 06:00,2019-01-02 07:00,0,0,0,-0.923
2019-01-02 07:00,2019-01-02 08:00,0.004,0.001,0.007,-0.824
2019-01-02 08:00,2019-01-02 09:00,0.092,0.004,0.041,-0.571
2019-01-02 09:00,2019-01-02 10:00,0.235,0.012,0.083,-0.156
2019-01-02 10:00,2019-01-02 11:00,0.362,0.025,0.113,0.240
2019-01-02 11:00,2019-01-02 12:00,0.443,0.038,0.127,0.439
2019-01-02 12:00,2019-01-02 13:00,0.329,0.024,0.103,0.411
2019-01-02 13:00,2019-01-02 14:00,0.177,0.011,0.064,0.115
2019-01-02 14:00,2019-01-02 15:00,0.064,0.005,0.029,-0.437
2019-01-02 15:00,2019-01-02 16:00,0,0,0.002,-1.245
2019-01-02 16:00,2019-01-02 17:00,0,0,0,-1.873
2019-01-02 17:00,2019-01-02 18:00,0,0,0,-2.406
2019-01-02 18:00,2019-01-02 19:00,0,0,0,-3.025
2019-01-02 19:00,2019-01-02 20:00,0,0,0,-3.583
2019-01-02 20:00,2019-01-02 21:00,0,0,0,-4.055
2019-01-02 21:00,2019-01-02 22:00,0,0,0,-4.199
2019-01-02 22:00,2019-01-02 23:00,0,0,0,-4.349
2019-01-02 23:00,2019-01-03 00:00,0,0,0,-4.714
2019-01-03 00:00,2019-01-03 01:00,0,0,0,-4.742
2019-01-03 01:00,2019-01-03 02:00,0,0,0,-4.308
2019-01-03 02:00,2019-01-03 03:00,0,0,0,-3.899
2019-01-03 03:00,2019-01-03 04:00,0,0,0,-3.680
2019-01-03 04:00,2019-01-03 05:00,0,0,0,-3.699
2019-01-03 05:00,2019-01-03 06:00,0,0,0,-3.811
2019-01-03 06:00,2019-01-03 07:00,0,0,0,-4.063
2019-01-03 07:00,2019-01-03 08:00,0.044,0.008,0.017,-4.143
2019-01-03 08:00,2019-01-03 09:00,0.350,0.063,0.069,-3.156
2019-01-03 09:00,2019-01-03 10:00,0.911,0.233,0.090,-2.121
2019-01-03 10:00,2019-01-03 11:00,1.131,0.301,0.101,-1.619
2019-01-03 11:00,2019-01-03 12:00,1.095,0.278,0.112,-1.350
2019-01-03 12:00,2019-01-03 13:00,0.925,0.221,0.109,-1.266
2019-01-03 13:00,2019-01-03 14:00,0.653,0.148,0.087,-1.428
2019-01-03 14:00,2019-01-03 15:00,0.238,0.050,0.045,-2.130
2019-01-03 15:00,2019-01-03 16:00,0,0.001,0.002,-3.093
2019-01-03 16:00,2019-01-03 17:00,0,0,0,-3.062
2019-01-03 17:00,2019-01-03 18:00,0,0,0,-2.910
2019-01-03 18:00,2019-01-03 19:00,0,0,0,-2.725
2019-01-03 19:00,2019-01-03 20:00,0,0,0,-2.620
2019-01-03 20:00,2019-01-03 21:00,0,0,0,-2.508
2019-01-03 21:00,2019-01-03 22:00,0,0,0,-2.504
2019-01-03 22:00,2019-01-03 23:00,0,0,0,-2.575
2019-01-03 23:00,2019-01-04 00:00,0,0,0,-2.642
2019-01-04 00:00,2019-01-04 01:00,0,0,0,-2.734
2019-01-04 01:00,2019-01-04 02:00,0,0,0,-2.801
2019-01-04 02:00,2019-01-04 03:00,0,0,0,-2.895
2019-01-04 03:00,2019-01-04 04:00,0,0,0,-3.067
2019-01-04 04:00,2019-01-04 05:00,0,0,0,-3.057
2019-01-04 05:00,2019-01-04 06:00,0,0,0,-2.957
2019-01-04 06:00,2019-01-04 07:00,0,0,0,-2.849
2019-01-04 07:00,2019-01-04 08:00,0.003,0,0.007,-2.713
2019-01-04 08:00,2019-01-04 09:00,0.058,0.001,0.030,-2.287
2019-01-04 09:00,2019-01-04 10:00,0.111,0.002,0.049,-1.859
2019-01-04 10:00,2019-01-04 11:00,0.149,0.003,0.062,-1.558
2019-01-04 11:00,2019-01-04 12:00,0.164,0.004,0.066,-1.315
2019-01-04 12:00,2019-01-04 13:00,0.135,0.003,0.057,-1.192
2019-01-04 13:00,2019-01-04 14:00,0.091,0.003,0.041,-1.203
2019-01-04 14:00,2019-01-04 15:00,0.025,0.001,0.017,-1.461
2019-01-04 15:00,2019-01-04 16:00,0,0,0.001,-1.812
2019-01-04 16:00,2019-01-04 17:00,0,0,0,-1.896
2019-01-04 17:00,2019-01-04 18:00,0,0,0,-1.871
2019-01-04 18:00,2019-01-04 19:00,0,0,0,-1.788
2019-01-04 19:00,2019-01-04 20:00,0,0,0,-1.658
2019-01-04 20:00,2019-01-04 21:00,0,0,0,-1.605
2019-01-04 21:00,2019-01-04 22:00,0,0,0,-1.626
2019-01-04 22:00,2019-01-04 23:00,0,0,0,-1.631
2019-01-04 23:00,2019-01-05 00:00,0,0,0,-1.638
2019-01-05 00:00,2019-01-05 01:00,0,0,0,-1.678
2019-01-05 01:00,2019-01-05 02:00,0,0,0,-1.718
2019-01-05 02:00,2019-01-05 03:00,0,0,0,-1.752
2019-01-05 03:00,2019-01-05 04:00,0,0,0,-1.731
2019-01-05 04:00,2019-01-05 05:00,0,0,0,-1.678
2019-01-05 05:00,2019-01-05 06:00,0,0,0,-1.660
2019-01-05 06:00,2019-01-05 07:00,0,0,0,-1.609
2019-01-05 07:00,2019-01-05 08:00,0.001,0,0.005,-1.473
2019-01-05 08:00,2019-01-05 09:00,0.032,0.001,0.021,-1.194
2019-01-05 09:00,2019-01-05 10:00,0.072,0.001,0.036,-0.907
2019-01-05 10:00,2019-01-05 11:00,0.132,0.002,0.056,-0.614
2019-01-05 11:00,2019-01-05 12:00,0.202,0.005,0.078,-0.277
2019-01-05 12:00,2019-01-05 13:00,0.163,0.004,0.065,-0.098
2019-01-05 13:00,2019-01-05 14:00,0.098,0.003,0.044,0.020
2019-01-05 14:00,2019-01-05 15:00,0.028,0.001,0.018,0.090
2019-01-05 15:00,2019-01-05 16:00,0,0,0.001,0.121
2019-01-05 16:00,2019-01-05 17:00,0,0,0,0.142
2019-01-05 17:00,2019-01-05 18:00,0,0,0,0.175
2019-01-05 18:00,2019-01-05 19:00,0,0,0,0.174
2019-01-05 19:00,2019-01-05 20:00,0,0,0,0.180
2019-01-05 20:00,2019-01-05 21:00,0,0,0,0.182
2019-01-05 21:00,2019-01-05 22:00,0,0,0,0.168
2019-01-05 22:00,2019-01-05 23:00,0,0,0,0.164
2019-01-05 23:00,2019-01-06 00:00,0,0,0,0.176
2019-01-06 00:00,2019-01-06 01:00,0,0,0,0.184
2019-01-06 01:00,2019-01-06 02:00,0,0,0,0.159
2019-01-06 02:00,2019-01-06 03:00,0,0,0,0.124
2019-01-06 03:00,2019-01-06 04:00,0,0,0,0.078
2019-01-06 04:00,2019-01-06 05:00,0,0,0,0.092
2019-01-06 05:00,2019-01-06 06:00,0,0,0,0.116
2019-01-06 06:00,2019-01-06 07:00,0,0,0,0.106
2019-01-06 07:00,2019-01-06 08:00,0.003,0,0.007,0.110
2019-01-06 08:00,2019-01-06 09:00,0.081,0.003,0.038,0.188
2019-01-06 09:00,2019-01-06 10:00,0.190,0.007,0.073,0.256
2019-01-06 10:00,2019-01-06 11:00,0.255,0.010,0.092,0.315
2019-01-06 11:00,2019-01-06 12:00,0.270,0.011,0.096,0.380
2019-01-06 12:00,2019-01-06 13:00,0.247,0.011,0.088,0.415
2019-01-06 13:00,2019-01-06 14:00,0.159,0.007,0.061,0.400
2019-01-06 14:00,2019-01-06 15:00,0.040,0.002,0.022,0.334
2019-01-06 15:00,2019-01-06 16:00,0,0,0.001,0.281
2019-01-06 16:00,2019-01-06 17:00,0,0,0,0.274
2019-01-06 17:00,2019-01-06 18:00,0,0,0,0.277
2019-01-06 18:00,2019-01-06 19:00,0,0,0,0.289
2019-01-06 19:00,2019-01-06 20:00,0,0,0,0.290
2019-01-06 20:00,2019-01-06 21:00,0,0,0,0.286
2019-01-06 21:00,2019-01-06 22:00,0,0,0,0.250
2019-01-06 22:00,2019-01-06 23:00,0,0,0,0.197
2019-01-06 23:00,2019-01-07 00:00,0,0,0,0.124
2019-01-07 00:00,2019-01-07 01:00,0,0,0,-0.015
2019-01-07 01:00,2019-01-07 02:00,0,0,0,-0.154
2019-01-07 02:00,2019-01-07 03:00,0,0,0,-0.321
2019-01-07 03:00,2019-01-07 04:00,0,0,0,-0.449
2019-01-07 04:00,2019-01-07 05:00,0,0,0,-0.535
2019-01-07 05:00,2019-01-07 06:00,0,0,0,-0.624
2019-01-07 06:00,2019-01-07 07:00,0,0,0,-0.698
2019-01-07 07:00,2019-01-07 08:00,0.016,0.001,0.012,-0.709
2019-01-07 08:00,2019-01-07 09:00,0.129,0.006,0.051,-0.492
2019-01-07 09:00,2019-01-07 10:00,0.253,0.014,0.087,-0.226
2019-01-07 10:00,2019-01-07 11:00,0.318,0.017,0.106,0.019
2019-01-07 11:00,2019-01-07 12:00,0.344,0.020,0.111,0.244
2019-01-07 12:00,2019-01-07 13:00,0.318,0.021,0.102,0.370
2019-01-07 13:00,2019-01-07 14:00,0.233,0.018,0.077,0.394
2019-01-07 14:00,2019-01-07 15:00,0.091,0.009,0.036,0.296
2019-01-07 15:00,2019-01-07 16:00,0,0.001,0.002,-0.111
2019-01-07 16:00,2019-01-07 17:00,0,0,0,-0.399
2019-01-07 17:00,2019-01-07 18:00,0,0,0,-0.603
2019-01-07 18:00,2019-01-07 19:00,0,0,0,-0.940
2019-01-07 19:00,2019-01-07 20:00,0,0,0,-1.348
2019-01-07 20:00,2019-01-07 21:00,0,0,0,-1.910
2019-01-07 21:00,2019-01-07 22:00,0,0,0,-2.336
2019-01-07 22:00,2019-01-07 23:00,0,0,0,-2.560
2019-01-07 23:00,2019-01-08 00:00,0,0,0,-2.696
2019-01-08 00:00,2019-01-08 01:00,0,0,0,-2.470
2019-01-08 01:00,2019-01-08 02:00,0,0,0,-1.955
2019-01-08 02:00,2019-01-08 03:00,0,0,0,-1.548
2019-01-08 03:00,2019-01-08 04:00,0,0,0,-1.248
2019-01-08 04:00,2019-01-08 05:00,0,0,0,-0.947
2019-01-08 05:00,2019-01-08 06:00,0,0,0,-0.530
2019-01-08 06:00,2019-01-08 07:00,0,-0,0,-0.160
2019-01-08 07:00,2019-01-08 08:00,0.015,0.001,0.012,0.073
2019-01-08 08:00,2019-01-08 09:00,0.109,0.005,0.046,0.260
2019-01-08 09:00,2019-01-08 10:00,0.237,0.012,0.084,0.424
2019-01-08 10:00,2019-01-08 11:00,0.375,0.025,0.117,0.570
2019-01-08 11:00,2019-01-08 12:00,0.495,0.048,0.136,0.658
2019-01-08 12:00,2019-01-08 13:00,0.465,0.049,0.124,0.706
2019-01-08 13:00,2019-01-08 14:00,0.262,0.022,0.082,0.697
2019-01-08 14:00,2019-01-08 15:00,0.072,0.006,0.032,0.611
2019-01-08 15:00,2019-01-08 16:00,0,0,0.002,0.495
2019-01-08 16:00,2019-01-08 17:00,0,0,0,0.438
2019-01-08 17:00,2019-01-08 18:00,0,0,0,0.372
2019-01-08 18:00,2019-01-08 19:00,0,0,0,0.389
2019-01-08 19:00,2019-01-08 20:00,0,0,0,0.468
2019-01-08 20:00,2019-01-08 21:00,0,0,0,0.543
2019-01-08 21:00,2019-01-08 22:00,0,0,0,0.520
2019-01-08 22:00,2019-01-08 23:00,0,0,0,0.361
2019-01-08 23:00,2019-01-09 00:00,0,0,0,0.312
2019-01-09 00:00,2019-01-09 01:00,0,0,0,0.289
2019-01-09 01:00,2019-01-09 02:00,0,0,0,0.263
2019-01-09 02:00,2019-01-09 03:00,0,0,0,0.234
2019-01-09 03:00,2019-01-09 04:00,0,0,0,0.193
2019-01-09 04:00,2019-01-09 05:00,0,0,0,0.131
2019-01-09 05:00,2019-01-09 06:00,0,0,0,0.077
2019-01-09 06:00,2019-01-09 07:00,0,-0,0,-0.217
2019-01-09 07:00,2019-01-09 08:00,0.002,0,0.006,-0.465
2019-01-09 08:00,2019-01-09 09:00,0.053,0.001,0.029,-0.620
2019-01-09 09:00,2019-01-09 10:00,0.113,0.002,0.050,-0.757
2019-01-09 10:00,2019-01-09 11:00,0.161,0.003,0.066,-0.912
2019-01-09 11:00,2019-01-09 12:00,0.175,0.004,0.070,-1.066
2019-01-09 12:00,2019-01-09 13:00,0.143,0.003,0.059,-1.203
2019-01-09 13:00,2019-01-09 14:00,0.087,0.002,0.040,-1.350
2019-01-09 14:00,2019-01-09 15:00,0.023,0.001,0.016,-1.540
2019-01-09 15:00,2019-01-09 16:00,0,0,0.001,-1.812
2019-01-09 16:00,2019-01-09 17:00,0,0,0,-2.013
2019-01-09 17:00,2019-01-09 18:00,0,0,0,-2.130
2019-01-09 18:00,2019-01-09 19:00,0,0,0,-2.223
2019-01-09 19:00,2019-01-09 20:00,0,0,0,-2.309
2019-01-09 20:00,2019-01-09 21:00,0,0,0,-2.390
2019-01-09 21:00,2019-01-09 22:00,0,0,0,-2.460
2019-01-09 22:00,2019-01-09 23:00,0,0,0,-2.534
2019-01-09 23:00,2019-01-10 00:00,0,0,0,-2.622
2019-01-10 00:00,2019-01-10 01:00,0,0,0,-2.709
2019-01-10 01:00,2019-01-10 02:00,0,0,0,-2.780
2019-01-10 02:00,2019-01-10 03:00,0,0,0,-2.850
2019-01-10 03:00,2019-01-10 04:00,0,0,0,-2.900
2019-01-10 04:00,2019-01-10 05:00,0,0,0,-2.904
2019-01-10 05:00,2019-01-10 06:00,0,0,0,-2.903
2019-01-10 06:00,2019-01-10 07:00,0,-0,0,-2.872
2019-01-10 07:00,2019-01-10 08:00,0.004,0,0.007,-2.811
2019-01-10 08:00,2019-01-10 09:00,0.062,0.001,0.032,-2.572
2019-01-10 09:00,2019-01-10 10:00,0.150,0.004,0.061,-2.190
2019-01-10 10:00,2019-01-10 11:00,0.228,0.007,0.085,-1.755
2019-01-10 11:00,2019-01-10 12:00,0.270,0.010,0.096,-1.349
2019-01-10 12:00,2019-01-10 13:00,0.242,0.009,0.087,-1.079
2019-01-10 13:00,2019-01-10 14:00,0.176,0.008,0.066,-0.999
2019-01-10 14:00,2019-01-10 15:00,0.069,0.004,0.031,-1.297
2019-01-10 15:00,2019-01-10 16:00,0,0,0.002,-2.049
2019-01-10 16:00,2019-01-10 17:00,0,0,0,-2.745
2019-01-10 17:00,2019-01-10 18:00,0,0,0,-3.166
2019-01-10 18:00,2019-01-10 19:00,0,0,0,-3.850
2019-01-10 19:00,2019-01-10 20:00,0,0,0,-4.841
2019-01-10 20:00,2019-01-10 21:00,0,0,0,-5.807
2019-01-10 21:00,2019-01-10 22:00,0,0,0,-6.594
2019-01-10 22:00,2019-01-10 23:00,0,0,0,-7.313
2019-01-10 23:00,2019-01-11 00:00,0,0,0,-7.495
2019-01-11 00:00,2019-01-11 01:00,0,0,0,-7.603
2019-01-11 01:00,2019-01-11 02:00,0,0,0,-7.959
2019-01-11 02:00,2019-01-11 03:00,0,0,0,-8.520
2019-01-11 03:00,2019-01-11 04:00,0,0,0,-8.923
2019-01-11 04:00,2019-01-11 05:00,0,0,0,-9.218
2019-01-11 05:00,2019-01-11 06:00,0,0,0,-9.513
2019-01-11 06:00,2019-01-11 07:00,0,-0,0,-9.331
2019-01-11 07:00,2019-01-11 08:00,0.073,0.012,0.025,-8.800
2019-01-11 08:00,2019-01-11 09:00,0.336,0.046,0.079,-6.687
2019-01-11 09:00,2019-01-11 10:00,0.597,0.093,0.119,-5.005
2019-01-11 10:00,2019-01-11 11:00,0.706,0.109,0.141,-4.071
2019-01-11 11:00,2019-01-11 12:00,0.622,0.080,0.143,-3.406
2019-01-11 12:00,2019-01-11 13:00,0.416,0.038,0.116,-3.022
2019-01-11 13:00,2019-01-11 14:00,0.213,0.014,0.072,-2.961
2019-01-11 14:00,2019-01-11 15:00,0.064,0.004,0.029,-3.147
2019-01-11 15:00,2019-01-11 16:00,0,0,0.002,-3.416
2019-01-11 16:00,2019-01-11 17:00,0,0,0,-3.530
2019-01-11 17:00,2019-01-11 18:00,0,0,0,-3.558
2019-01-11 18:00,2019-01-11 19:00,0,0,0,-3.558
2019-01-11 19:00,2019-01-11 20:00,0,0,0,-3.510
2019-01-11 20:00,2019-01-11 21:00,0,0,0,-3.393
2019-01-11 21:00,2019-01-11 22:00,0,0,0,-3.154
2019-01-11 22:00,2019-01-11 23:00,0,0,0,-2.933
2019-01-11 23:00,2019-01-12 00:00,0,0,0,-2.843
2019-01-12 00:00,2019-01-12 01:00,0,0,0,-2.890
2019-01-12 01:00,2019-01-12 02:00,0,0,0,-2.891
2019-01-12 02:00,2019-01-12 03:00,0,0,0,-2.839
2019-01-12 03:00,2019-01-12 04:00,0,0,0,-2.758
2019-01-12 04:00,2019-01-12 05:00,0,0,0,-2.593
2019-01-12 05:00,2019-01-12 06:00,0,0,0,-2.390
2019-01-12 06:00,2019-01-12 07:00,0,-0,0,-2.162
2019-01-12 07:00,2019-01-12 08:00,0.027,0.003,0.017,-1.885
2019-01-12 08:00,2019-01-12 09:00,0.179,0.012,0.063,-1.437
2019-01-12 09:00,2019-01-12 10:00,0.351,0.028,0.105,-0.873
2019-01-12 10:00,2019-01-12 11:00,0.456,0.040,0.129,-0.356
2019-01-12 11:00,2019-01-12 12:00,0.521,0.053,0.138,0.010
2019-01-12 12:00,2019-01-12 13:00,0.471,0.051,0.124,0.188
2019-01-12 13:00,2019-01-12 14:00,0.385,0.048,0.097,0.261
2019-01-12 14:00,2019-01-12 15:00,0.147,0.018,0.046,0.245
2019-01-12 15:00,2019-01-12 16:00,0.001,0.002,0.004,0.178
2019-01-12 16:00,2019-01-12 17:00,0,0,0,0.192
2019-01-12 17:00,2019-01-12 18:00,0,0,0,0.237
2019-01-12 18:00,2019-01-12 19:00,0,0,0,0.302
2019-01-12 19:00,2019-01-12 20:00,0,0,0,0.317
2019-01-12 20:00,2019-01-12 21:00,0,0,0,0.321
2019-01-12 21:00,2019-01-12 22:00,0,0,0,0.315
2019-01-12 22:00,2019-01-12 23:00,0,0,0,0.315
2019-01-12 23:00,2019-01-13 00:00,0,0,0,0.304
2019-01-13 00:00,2019-01-13 01:00,0,0,0,0.286
2019-01-13 01:00,2019-01-13 02:00,0,0,0,0.271
2019-01-13 02:00,2019-01-13 03:00,0,0,0,0.261
2019-01-13 03:00,2019-01-13 04:00,0,0,0,0.293
2019-01-13 04:00,2019-01-13 05:00,0,0,0,0.339
2019-01-13 05:00,2019-01-13 06:00,0,0,0,0.346
2019-01-13 06:00,2019-01-13 07:00,0,-0,0,0.331
2019-01-13 07:00,2019-01-13 08:00,0.014,0.001,0.012,0.379
2019-01-13 08:00,2019-01-13 09:00,0.105,0.003,0.046,0.415
2019-01-13 09:00,2019-01-13 10:00,0.203,0.006,0.078,0.442
2019-01-13 10:00,2019-01-13 11:00,0.178,0.004,0.071,0.378
2019-01-13 11:00,2019-01-13 12:00,0.160,0.003,0.066,0.343
2019-01-13 12:00,2019-01-13 13:00,0.121,0.002,0.053,0.389
2019-01-13 13:00,2019-01-13 14:00,0.070,0.001,0.035,0.347
2019-01-13 14:00,2019-01-13 15:00,0.018,0.001,0.014,0.366
2019-01-13 15:00,2019-01-13 16:00,0,0,0.001,0.458
2019-01-13 16:00,2019-01-13 17:00,0,0,0,0.640
2019-01-13 17:00,2019-01-13 18:00,0,0,0,0.674
2019-01-13 18:00,2019-01-13 19:00,0,0,0,0.631
2019-01-13 19:00,2019-01-13 20:00,0,0,0,0.670
2019-01-13 20:00,2019-01-13 21:00,0,0,0,0.726
2019-01-13 21:00,2019-01-13 22:00,0,0,0,0.721
2019-01-13 22:00,2019-01-13 23:00,0,0,0,0.747
2019-01-13 23:00,2019-01-14 00:00,0,0,0,0.825
2019-01-14 00:00,2019-01-14 01:00,0,0,0,0.862
2019-01-14 01:00,2019-01-14 02:00,0,0,0,0.881
2019-01-14 02:00,2019-01-14 03:00,0,0,0,0.861
2019-01-14 03:00,2019-01-14 04:00,0,0,0,0.827
2019-01-14 04:00,2019-01-14 05:00,0,0,0,0.792
2019-01-14 05:00,2019-01-14 06:00,0,0,0,0.755
2019-01-14 06:00,2019-01-14 07:00,0,0,0,0.689
2019-01-14 07:00,2019-01-14 08:00,0.015,0.001,0.013,0.664
2019-01-14 08:00,2019-01-14 09:00,0.132,0.005,0.054,0.753
2019-01-14 09:00,2019-01-14 10:00,0.291,0.016,0.099,0.861
2019-01-14 10:00,2019-01-14 11:00,0.354,0.019,0.116,0.921
2019-01-14 11:00,2019-01-14 12:00,0.330,0.016,0.112,0.875
2019-01-14 12:00,2019-01-14 13:00,0.263,0.011,0.093,0.771
2019-01-14 13:00,2019-01-14 14:00,0.163,0.007,0.063,0.614
2019-01-14 14:00,2019-01-14 15:00,0.074,0.004,0.033,0.449
2019-01-14 15:00,2019-01-14 16:00,0,0.001,0.003,0.264
2019-01-14 16:00,2019-01-14 17:00,0,0,0,0.167
2019-01-14 17:00,2019-01-14 18:00,0,0,0,0.043
2019-01-14 18:00,2019-01-14 19:00,0,0,0,-0.128
2019-01-14 19:00,2019-01-14 20:00,0,0,0,-0.561
2019-01-14 20:00,2019-01-14 21:00,0,0,0,-1.007
2019-01-14 21:00,2019-01-14 22:00,0,0,0,-1.389
2019-01-14 22:00,2019-01-14 23:00,0,0,0,-1.638
2019-01-14 23:00,2019-01-15 00:00,0,0,0,-1.786
2019-01-15 00:00,2019-01-15 01:00,0,0,0,-1.807
2019-01-15 01:00,2019-01-15 02:00,0,0,0,-1.672
2019-01-15 02:00,2019-01-15 03:00,0,0,0,-1.564
2019-01-15 03:00,2019-01-15 04:00,0,0,0,-1.479
2019-01-15 04:00,2019-01-15 05:00,0,0,0,-1.454
2019-01-15 05:00,2019-01-15 06:00,0,0,0,-1.485
2019-01-15 06:00,2019-01-15 07:00,0,0,0,-1.648
2019-01-15 07:00,2019-01-15 08:00,0.103,0.019,0.029,-1.847
2019-01-15 08:00,2019-01-15 09:00,0.588,0.141,0.072,-1.454
2019-01-15 09:00,2019-01-15 10:00,1.147,0.332,0.078,-0.560
2019-01-15 10:00,2019-01-15 11:00,1.361,0.405,0.087,0.256
2019-01-15 11:00,2019-01-15 12:00,1.558,0.489,0.081,0.751
2019-01-15 12:00,2019-01-15 13:00,1.320,0.388,0.090,0.924
2019-01-15 13:00,2019-01-15 14:00,0.871,0.226,0.087,0.900
2019-01-15 14:00,2019-01-15 15:00,0.376,0.088,0.055,0.669
2019-01-15 15:00,2019-01-15 16:00,0.012,0.006,0.006,0.197
2019-01-15 16:00,2019-01-15 17:00,0,0,0,-0.111
2019-01-15 17:00,2019-01-15 18:00,0,0,0,-0.261
2019-01-15 18:00,2019-01-15 19:00,0,0,0,-0.439
2019-01-15 19:00,2019-01-15 20:00,0,0,0,-0.690
2019-01-15 20:00,2019-01-15 21:00,0,0,0,-1.125
2019-01-15 21:00,2019-01-15 22:00,0,0,0,-1.812
2019-01-15 22:00,2019-01-15 23:00,0,0,0,-2.544
2019-01-15 23:00,2019-01-16 00:00,0,0,0,-3.282
2019-01-16 00:00,2019-01-16 01:00,0,0,0,-4.090
2019-01-16 01:00,2019-01-16 02:00,0,0,0,-4.765
2019-01-16 02:00,2019-01-16 03:00,0,0,0,-5.178
2019-01-16 03:00,2019-01-16 04:00,0,0,0,-5.559
2019-01-16 04:00,2019-01-16 05:00,0,0,0,-5.848
2019-01-16 05:00,2019-01-16 06:00,0,0,0,-6.022
2019-01-16 06:00,2019-01-16 07:00,0,0,0,-5.958
2019-01-16 07:00,2019-01-16 08:00,0.186,0.045,0.031,-5.389
2019-01-16 08:00,2019-01-16 09:00,0.707,0.186,0.065,-3.644
2019-01-16 09:00,2019-01-16 10:00,1.029,0.278,0.088,-1.059
2019-01-16 10:00,2019-01-16 11:00,1.018,0.250,0.116,0.569
2019-01-16 11:00,2019-01-16 12:00,1.261,0.350,0.106,1.139
2019-01-16 12:00,2019-01-16 13:00,1.463,0.456,0.079,1.514
2019-01-16 13:00,2019-01-16 14:00,1.173,0.354,0.070,1.594
2019-01-16 14:00,2019-01-16 15:00,0.407,0.099,0.054,1.027
2019-01-16 15:00,2019-01-16 16:00,0.024,0.011,0.007,0.152
2019-01-16 16:00,2019-01-16 17:00,0,0,0,-0.925
2019-01-16 17:00,2019-01-16 18:00,0,0,0,-1.664
2019-01-16 18:00,2019-01-16 19:00,0,0,0,-1.929
2019-01-16 19:00,2019-01-16 20:00,0,0,0,-1.747
2019-01-16 20:00,2019-01-16 21:00,0,0,0,-1.178
2019-01-16 21:00,2019-01-16 22:00,0,0,0,-1.019
2019-01-16 22:00,2019-01-16 23:00,0,0,0,-0.959
2019-01-16 23:00,2019-01-17 00:00,0,0,0,-0.872
2019-01-17 00:00,2019-01-17 01:00,0,0,0,-0.641
2019-01-17 01:00,2019-01-17 02:00,0,0,0,-0.442
2019-01-17 02:00,2019-01-17 03:00,0,0,0,-0.330
2019-01-17 03:00,2019-01-17 04:00,0,0,0,-0.595
2019-01-17 04:00,2019-01-17 05:00,0,0,0,-1.233
2019-01-17 05:00,2019-01-17 06:00,0,0,0,-1.725
2019-01-17 06:00,2019-01-17 07:00,0,0,0,-1.972
2019-01-17 07:00,2019-01-17 08:00,0.175,0.040,0.033,-1.636
2019-01-17 08:00,2019-01-17 09:00,0.617,0.150,0.074,-0.304
2019-01-17 09:00,2019-01-17 10:00,0.977,0.256,0.096,0.774
2019-01-17 10:00,2019-01-17 11:00,1.237,0.343,0.105,1.578
2019-01-17 11:00,2019-01-17 12:00,1.236,0.335,0.114,2.032
2019-01-17 12:00,2019-01-17 13:00,0.998,0.243,0.118,2.112
2019-01-17 13:00,2019-01-17 14:00,0.605,0.121,0.101,1.942
2019-01-17 14:00,2019-01-17 15:00,0.214,0.035,0.053,1.511
2019-01-17 15:00,2019-01-17 16:00,0.004,0.002,0.005,1.029
2019-01-17 16:00,2019-01-17 17:00,0,0,0,0.805
2019-01-17 17:00,2019-01-17 18:00,0,0,0,0.675
2019-01-17 18:00,2019-01-17 19:00,0,0,0,0.568
2019-01-17 19:00,2019-01-17 20:00,0,0,0,0.383
2019-01-17 20:00,2019-01-17 21:00,0,0,0,0.208
2019-01-17 21:00,2019-01-17 22:00,0,0,0,0.151
2019-01-17 22:00,2019-01-17 23:00,0,0,0,0.125
2019-01-17 23:00,2019-01-18 00:00,0,0,0,-0.055
2019-01-18 00:00,2019-01-18 01:00,0,0,0,-0.314
2019-01-18 01:00,2019-01-18 02:00,0,0,0,-0.792
2019-01-18 02:00,2019-01-18 03:00,0,0,0,-1.478
2019-01-18 03:00,2019-01-18 04:00,0,0,0,-2.038
2019-01-18 04:00,2019-01-18 05:00,0,0,0,-2.337
2019-01-18 05:00,2019-01-18 06:00,0,0,0,-2.535
2019-01-18 06:00,2019-01-18 07:00,0,0,0,-2.782
2019-01-18 07:00,2019-01-18 08:00,0.050,0.005,0.024,-2.801
2019-01-18 08:00,2019-01-18 09:00,0.246,0.022,0.075,-2.194
2019-01-18 09:00,2019-01-18 10:00,0.492,0.061,0.119,-1.350
2019-01-18 10:00,2019-01-18 11:00,0.800,0.143,0.144,-0.688
2019-01-18 11:00,2019-01-18 12:00,0.959,0.200,0.143,-0.242
2019-01-18 12:00,2019-01-18 13:00,0.871,0.181,0.132,-0.068
2019-01-18 13:00,2019-01-18 14:00,0.667,0.137,0.105,-0.091
2019-01-18 14:00,2019-01-18 15:00,0.350,0.072,0.061,-0.674
2019-01-18 15:00,2019-01-18 16:00,0.022,0.008,0.008,-2.232
2019-01-18 16:00,2019-01-18 17:00,0,0,0,-3.898
2019-01-18 17:00,2019-01-18 18:00,0,0,0,-5.133
2019-01-18 18:00,2019-01-18 19:00,0,0,0,-6.127
2019-01-18 19:00,2019-01-18 20:00,0,0,0,-6.245
2019-01-18 20:00,2019-01-18 21:00,0,0,0,-6.331
2019-01-18 21:00,2019-01-18 22:00,0,0,0,-6.786
2019-01-18 22:00,2019-01-18 23:00,0,0,0,-7.171
2019-01-18 23:00,2019-01-19 00:00,0,0,0,-7.370
2019-01-19 00:00,2019-01-19 01:00,0,0,0,-7.561
2019-01-19 01:00,2019-01-19 02:00,0,0,0,-8.075
2019-01-19 02:00,2019-01-19 03:00,0,0,0,-8.823
2019-01-19 03:00,2019-01-19 04:00,0,0,0,-9.294
2019-01-19 04:00,2019-01-19 05:00,0,0,0,-9.379
2019-01-19 05:00,2019-01-19 06:00,0,0,0,-9.517
2019-01-19 06:00,2019-01-19 07:00,0,0,0,-9.773
2019-01-19 07:00,2019-01-19 08:00,0.190,0.042,0.034,-9.580
2019-01-19 08:00,2019-01-19 09:00,0.750,0.196,0.064,-7.992
2019-01-19 09:00,2019-01-19 10:00,1.303,0.390,0.066,-5.688
2019-01-19 10:00,2019-01-19 11:00,1.675,0.539,0.062,-3.979
2019-01-19 11:00,2019-01-19 12:00,1.779,0.583,0.063,-2.965
2019-01-19 12:00,2019-01-19 13:00,1.626,0.521,0.066,-2.345
2019-01-19 13:00,2019-01-19 14:00,1.241,0.374,0.067,-2.279
2019-01-19 14:00,2019-01-19 15:00,0.616,0.168,0.052,-2.985
2019-01-19 15:00,2019-01-19 16:00,0.053,0.020,0.009,-4.795
2019-01-19 16:00,2019-01-19 17:00,0,0,0,-6.172
2019-01-19 17:00,2019-01-19 18:00,0,0,0,-6.829
2019-01-19 18:00,2019-01-19 19:00,0,0,0,-7.208
2019-01-19 19:00,2019-01-19 20:00,0,0,0,-7.413
2019-01-19 20:00,2019-01-19 21:00,0,0,0,-7.549
2019-01-19 21:00,2019-01-19 22:00,0,0,0,-7.788
2019-01-19 22:00,2019-01-19 23:00,0,0,0,-8.052
2019-01-19 23:00,2019-01-20 00:00,0,0,0,-8.260
2019-01-20 00:00,2019-01-20 01:00,0,0,0,-8.406
2019-01-20 01:00,2019-01-20 02:00,0,0,0,-8.602
2019-01-20 02:00,2019-01-20 03:00,0,0,0,-8.740
2019-01-20 03:00,2019-01-20 04:00,0,0,0,-8.981
2019-01-20 04:00,2019-01-20 05:00,0,0,0,-9.322
2019-01-20 05:00,2019-01-20 06:00,0,0,0,-9.407
2019-01-20 06:00,2019-01-20 07:00,0,0.002,0,-9.520
2019-01-20 07:00,2019-01-20 08:00,0.202,0.045,0.036,-8.930
2019-01-20 08:00,2019-01-20 09:00,0.673,0.164,0.072,-6.724
2019-01-20 09:00,2019-01-20 10:00,1.216,0.350,0.076,-4.694
2019-01-20 10:00,2019-01-20 11:00,1.592,0.499,0.072,-3.166
2019-01-20 11:00,2019-01-20 12:00,1.681,0.536,0.074,-2.071
2019-01-20 12:00,2019-01-20 13:00,1.519,0.470,0.079,-1.419
2019-01-20 13:00,2019-01-20 14:00,1.032,0.283,0.084,-1.387
2019-01-20 14:00,2019-01-20 15:00,0.378,0.083,0.059,-1.933
2019-01-20 15:00,2019-01-20 16:00,0.019,0.007,0.008,-3.218
2019-01-20 16:00,2019-01-20 17:00,0,0,0,-4.320
2019-01-20 17:00,2019-01-20 18:00,0,0,0,-5.049
2019-01-20 18:00,2019-01-20 19:00,0,0,0,-5.645
2019-01-20 19:00,2019-01-20 20:00,0,0,0,-6.119
2019-01-20 20:00,2019-01-20 21:00,0,0,0,-6.515
2019-01-20 21:00,2019-01-20 22:00,0,0,0,-6.840
2019-01-20 22:00,2019-01-20 23:00,0,0,0,-6.986
2019-01-20 23:00,2019-01-21 00:00,0,0,0,-7.049
2019-01-21 00:00,2019-01-21 01:00,0,0,0,-7.202
2019-01-21 01:00,2019-01-21 02:00,0,0,0,-7.508
2019-01-21 02:00,2019-01-21 03:00,0,0,0,-7.804
2019-01-21 03:00,2019-01-21 04:00,0,0,0,-7.952
2019-01-21 04:00,2019-01-21 05:00,0,0,0,-8.031
2019-01-21 05:00,2019-01-21 06:00,0,0,0,-8.149
2019-01-21 06:00,2019-01-21 07:00,0,0,0.001,-8.305
2019-01-21 07:00,2019-01-21 08:00,0.168,0.033,0.037,-8.079
2019-01-21 08:00,2019-01-21 09:00,0.586,0.128,0.079,-6.805
2019-01-21 09:00,2019-01-21 10:00,1.074,0.283,0.092,-5.013
2019-01-21 10:00,2019-01-21 11:00,1.433,0.420,0.090,-3.464
2019-01-21 11:00,2019-01-21 12:00,1.575,0.481,0.087,-2.408
2019-01-21 12:00,2019-01-21 13:00,1.441,0.430,0.087,-1.808
2019-01-21 13:00,2019-01-21 14:00,1.131,0.324,0.079,-1.612
2019-01-21 14:00,2019-01-21 15:00,0.565,0.147,0.058,-2.015
2019-01-21 15:00,2019-01-21 16:00,0.055,0.020,0.010,-3.364
2019-01-21 16:00,2019-01-21 17:00,0,0,0,-4.326
2019-01-21 17:00,2019-01-21 18:00,0,0,0,-4.721
2019-01-21 18:00,2019-01-21 19:00,0,0,0,-4.963
2019-01-21 19:00,2019-01-21 20:00,0,0,0,-5.266
2019-01-21 20:00,2019-01-21 21:00,0,0,0,-5.825
2019-01-21 21:00,2019-01-21 22:00,0,0,0,-6.443
2019-01-21 22:00,2019-01-21 23:00,0,0,0,-7.052
2019-01-21 23:00,2019-01-22 00:00,0,0,0,-7.383
2019-01-22 00:00,2019-01-22 01:00,0,0,0,-7.582
2019-01-22 01:00,2019-01-22 02:00,0,0,0,-7.679
2019-01-22 02:00,2019-01-22 03:00,0,0,0,-7.710
2019-01-22 03:00,2019-01-22 04:00,0,0,0,-7.560
2019-01-22 04:00,2019-01-22 05:00,0,0,0,-7.300
2019-01-22 05:00,2019-01-22 06:00,0,0,0,-7.075
2019-01-22 06:00,2019-01-22 07:00,0,0,0.001,-6.706
2019-01-22 07:00,2019-01-22 08:00,0.141,0.024,0.036,-6.177
2019-01-22 08:00,2019-01-22 09:00,0.531,0.108,0.083,-5.252
2019-01-22 09:00,2019-01-22 10:00,0.984,0.246,0.099,-4.076
2019-01-22 10:00,2019-01-22 11:00,1.425,0.417,0.091,-3.185
2019-01-22 11:00,2019-01-22 12:00,1.694,0.539,0.075,-2.400
2019-01-22 12:00,2019-01-22 13:00,1.708,0.557,0.064,-1.901
2019-01-22 13:00,2019-01-22 14:00,1.404,0.443,0.060,-1.834
2019-01-22 14:00,2019-01-22 15:00,0.724,0.205,0.053,-2.407
2019-01-22 15:00,2019-01-22 16:00,0.086,0.030,0.011,-4.334
2019-01-22 16:00,2019-01-22 17:00,0,0,0,-6.034
2019-01-22 17:00,2019-01-22 18:00,0,0,0,-6.612
2019-01-22 18:00,2019-01-22 19:00,0,0,0,-6.938
2019-01-22 19:00,2019-01-22 20:00,0,0,0,-7.207
2019-01-22 20:00,2019-01-22 21:00,0,0,0,-7.642
2019-01-22 21:00,2019-01-22 22:00,0,0,0,-7.842
2019-01-22 22:00,2019-01-22 23:00,0,0,0,-7.629
2019-01-22 23:00,2019-01-23 00:00,0,0,0,-7.402
2019-01-23 00:00,2019-01-23 01:00,0,0,0,-7.275
2019-01-23 01:00,2019-01-23 02:00,0,0,0,-7.281
2019-01-23 02:00,2019-01-23 03:00,0,0,0,-7.266
2019-01-23 03:00,2019-01-23 04:00,0,0,0,-7.360
2019-01-23 04:00,2019-01-23 05:00,0,0,0,-7.483
2019-01-23 05:00,2019-01-23 06:00,0,0,0,-7.568
2019-01-23 06:00,2019-01-23 07:00,0,0,0,-7.590
2019-01-23 07:00,2019-01-23 08:00,0.041,0.002,0.022,-7.448
2019-01-23 08:00,2019-01-23 09:00,0.188,0.010,0.067,-6.860
2019-01-23 09:00,2019-01-23 10:00,0.452,0.041,0.123,-6.035
2019-01-23 10:00,2019-01-23 11:00,0.817,0.130,0.156,-5.020
2019-01-23 11:00,2019-01-23 12:00,0.946,0.174,0.157,-4.211
2019-01-23 12:00,2019-01-23 13:00,0.788,0.132,0.146,-3.909
2019-01-23 13:00,2019-01-23 14:00,0.508,0.071,0.113,-3.976
2019-01-23 14:00,2019-01-23 15:00,0.198,0.022,0.058,-4.291
2019-01-23 15:00,2019-01-23 16:00,0.012,0.003,0.008,-4.955
2019-01-23 16:00,2019-01-23 17:00,0,0,0,-5.710
2019-01-23 17:00,2019-01-23 18:00,0,0,0,-6.201
2019-01-23 18:00,2019-01-23 19:00,0,0,0,-6.389
2019-01-23 19:00,2019-01-23 20:00,0,0,0,-6.407
2019-01-23 20:00,2019-01-23 21:00,0,0,0,-6.368
2019-01-23 21:00,2019-01-23 22:00,0,0,0,-6.380
2019-01-23 22:00,2019-01-23 23:00,0,0,0,-6.444
2019-01-23 23:00,2019-01-24 00:00,0,0,0,-6.507
2019-01-24 00:00,2019-01-24 01:00,0,0,0,-6.488
2019-01-24 01:00,2019-01-24 02:00,0,0,0,-6.538
2019-01-24 02:00,2019-01-24 03:00,0,0,0,-6.713
2019-01-24 03:00,2019-01-24 04:00,0,0,0,-6.860
2019-01-24 04:00,2019-01-24 05:00,0,0,0,-7.076
2019-01-24 05:00,2019-01-24 06:00,0,0,0,-7.253
2019-01-24 06:00,2019-01-24 07:00,0,0,0.001,-7.456
2019-01-24 07:00,2019-01-24 08:00,0.124,0.016,0.038,-7.334
2019-01-24 08:00,2019-01-24 09:00,0.507,0.091,0.091,-5.982
2019-01-24 09:00,2019-01-24 10:00,0.966,0.226,0.112,-4.492
2019-01-24 10:00,2019-01-24 11:00,1.224,0.311,0.121,-3.544
2019-01-24 11:00,2019-01-24 12:00,1.300,0.336,0.125,-2.988
2019-01-24 12:00,2019-01-24 13:00,0.987,0.217,0.132,-2.761
2019-01-24 13:00,2019-01-24 14:00,0.676,0.130,0.111,-2.734
2019-01-24 14:00,2019-01-24 15:00,0.282,0.045,0.064,-3.171
2019-01-24 15:00,2019-01-24 16:00,0.023,0.007,0.010,-4.292
2019-01-24 16:00,2019-01-24 17:00,0,0,0,-5.290
2019-01-24 17:00,2019-01-24 18:00,0,0,0,-5.996
2019-01-24 18:00,2019-01-24 19:00,0,0,0,-6.693
2019-01-24 19:00,2019-01-24 20:00,0,0,0,-7.301
2019-01-24 20:00,2019-01-24 21:00,0,0,0,-7.747
2019-01-24 21:00,2019-01-24 22:00,0,0,0,-8.004
2019-01-24 22:00,2019-01-24 23:00,0,0,0,-7.902
2019-01-24 23:00,2019-01-25 00:00,0,0,0,-8.011
2019-01-25 00:00,2019-01-25 01:00,0,0,0,-8.268
2019-01-25 01:00,2019-01-25 02:00,0,0,0,-8.470
2019-01-25 02:00,2019-01-25 03:00,0,0,0,-8.674
2019-01-25 03:00,2019-01-25 04:00,0,0,0,-8.876
2019-01-25 04:00,2019-01-25 05:00,0,0,0,-8.957
2019-01-25 05:00,2019-01-25 06:00,0,0,0,-9.008
2019-01-25 06:00,2019-01-25 07:00,0,0,0.001,-9.019
2019-01-25 07:00,2019-01-25 08:00,0.111,0.012,0.038,-8.326
2019-01-25 08:00,2019-01-25 09:00,0.408,0.054,0.095,-6.773
2019-01-25 09:00,2019-01-25 10:00,0.698,0.113,0.133,-5.510
2019-01-25 10:00,2019-01-25 11:00,0.826,0.137,0.153,-4.695
2019-01-25 11:00,2019-01-25 12:00,0.885,0.152,0.159,-4.151
2019-01-25 12:00,2019-01-25 13:00,0.718,0.110,0.145,-3.861
2019-01-25 13:00,2019-01-25 14:00,0.535,0.079,0.114,-3.699
2019-01-25 14:00,2019-01-25 15:00,0.261,0.036,0.066,-3.855
2019-01-25 15:00,2019-01-25 16:00,0.021,0.006,0.011,-4.603
2019-01-25 16:00,2019-01-25 17:00,0,0,0,-5.159
2019-01-25 17:00,2019-01-25 18:00,0,0,0,-5.260
2019-01-25 18:00,2019-01-25 19:00,0,0,0,-5.168
2019-01-25 19:00,2019-01-25 20:00,0,0,0,-5.103
2019-01-25 20:00,2019-01-25 21:00,0,0,0,-5.468
2019-01-25 21:00,2019-01-25 22:00,0,0,0,-6.118
2019-01-25 22:00,2019-01-25 23:00,0,0,0,-6.671
2019-01-25 23:00,2019-01-26 00:00,0,0,0,-6.570
2019-01-26 00:00,2019-01-26 01:00,0,0,0,-6.130
2019-01-26 01:00,2019-01-26 02:00,0,0,0,-5.861
2019-01-26 02:00,2019-01-26 03:00,0,0,0,-5.470
2019-01-26 03:00,2019-01-26 04:00,0,0,0,-4.802
2019-01-26 04:00,2019-01-26 05:00,0,0,0,-3.996
2019-01-26 05:00,2019-01-26 06:00,0,0,0,-3.172
2019-01-26 06:00,2019-01-26 07:00,0,0,0,-2.189
2019-01-26 07:00,2019-01-26 08:00,0.020,0.001,0.015,-1.468
2019-01-26 08:00,2019-01-26 09:00,0.087,0.002,0.041,-0.781
2019-01-26 09:00,2019-01-26 10:00,0.192,0.005,0.075,-0.114
2019-01-26 10:00,2019-01-26 11:00,0.421,0.024,0.134,0.432
2019-01-26 11:00,2019-01-26 12:00,0.541,0.045,0.154,0.811
2019-01-26 12:00,2019-01-26 13:00,0.498,0.044,0.140,0.979
2019-01-26 13:00,2019-01-26 14:00,0.400,0.039,0.112,1.009
2019-01-26 14:00,2019-01-26 15:00,0.230,0.027,0.067,0.918
2019-01-26 15:00,2019-01-26 16:00,0.036,0.009,0.014,0.740
2019-01-26 16:00,2019-01-26 17:00,0,0,0,0.612
2019-01-26 17:00,2019-01-26 18:00,0,0,0,0.573
2019-01-26 18:00,2019-01-26 19:00,0,0,0,0.514
2019-01-26 19:00,2019-01-26 20:00,0,0,0,0.345
2019-01-26 20:00,2019-01-26 21:00,0,0,0,0.077
2019-01-26 21:00,2019-01-26 22:00,0,0,0,-0.037
2019-01-26 22:00,2019-01-26 23:00,0,0,0,-0.310
2019-01-26 23:00,2019-01-27 00:00,0,0,0,-1.055
2019-01-27 00:00,2019-01-27 01:00,0,0,0,-1.492
2019-01-27 01:00,2019-01-27 02:00,0,0,0,-1.631
2019-01-27 02:00,2019-01-27 03:00,0,0,0,-1.850
2019-01-27 03:00,2019-01-27 04:00,0,0,0,-1.960
2019-01-27 04:00,2019-01-27 05:00,0,0,0,-2.179
2019-01-27 05:00,2019-01-27 06:00,0,0,0,-2.515
2019-01-27 06:00,2019-01-27 07:00,0,0,0.002,-2.571
2019-01-27 07:00,2019-01-27 08:00,0.102,0.009,0.039,-1.977
2019-01-27 08:00,2019-01-27 09:00,0.353,0.038,0.096,-0.752
2019-01-27 09:00,2019-01-27 10:00,0.575,0.073,0.137,0.238
2019-01-27 10:00,2019-01-27 11:00,0.638,0.076,0.157,0.897
2019-01-27 11:00,2019-01-27 12:00,0.620,0.069,0.158,1.218
2019-01-27 12:00,2019-01-27 13:00,0.580,0.067,0.146,1.386
2019-01-27 13:00,2019-01-27 14:00,0.433,0.050,0.113,1.473
2019-01-27 14:00,2019-01-27 15:00,0.216,0.024,0.064,1.309
2019-01-27 15:00,2019-01-27 16:00,0.025,0.006,0.013,0.766
2019-01-27 16:00,2019-01-27 17:00,0,0,0,0.451
2019-01-27 17:00,2019-01-27 18:00,0,0,0,0.366
2019-01-27 18:00,2019-01-27 19:00,0,0,0,0.552
2019-01-27 19:00,2019-01-27 20:00,0,0,0,1.009
2019-01-27 20:00,2019-01-27 21:00,0,0,0,0.965
2019-01-27 21:00,2019-01-27 22:00,0,0,0,0.955
2019-01-27 22:00,2019-01-27 23:00,0,0,0,0.760
2019-01-27 23:00,2019-01-28 00:00,0,0,0,0.477
2019-01-28 00:00,2019-01-28 01:00,0,0,0,0.194
2019-01-28 01:00,2019-01-28 02:00,0,0,0,-0.017
2019-01-28 02:00,2019-01-28 03:00,0,0,0,-0.301
2019-01-28 03:00,2019-01-28 04:00,0,0,0,-0.545
2019-01-28 04:00,2019-01-28 05:00,0,0,0,-0.652
2019-01-28 05:00,2019-01-28 06:00,0,0,0,-0.866
2019-01-28 06:00,2019-01-28 07:00,0,0,0.001,-1.077
2019-01-28 07:00,2019-01-28 08:00,0.073,0.005,0.032,-1.066
2019-01-28 08:00,2019-01-28 09:00,0.309,0.030,0.089,-0.628
2019-01-28 09:00,2019-01-28 10:00,0.873,0.185,0.128,0.088
2019-01-28 10:00,2019-01-28 11:00,1.316,0.356,0.120,0.649
2019-01-28 11:00,2019-01-28 12:00,1.359,0.367,0.125,0.824
2019-01-28 12:00,2019-01-28 13:00,1.150,0.285,0.130,0.796
2019-01-28 13:00,2019-01-28 14:00,0.763,0.159,0.116,0.567
2019-01-28 14:00,2019-01-28 15:00,0.302,0.047,0.071,0.156
2019-01-28 15:00,2019-01-28 16:00,0.025,0.006,0.013,-0.321
2019-01-28 16:00,2019-01-28 17:00,0,0,0,-0.584
2019-01-28 17:00,2019-01-28 18:00,0,0,0,-0.604
2019-01-28 18:00,2019-01-28 19:00,0,0,0,-0.598
2019-01-28 19:00,2019-01-28 20:00,0,0,0,-0.659
2019-01-28 20:00,2019-01-28 21:00,0,0,0,-0.732
2019-01-28 21:00,2019-01-28 22:00,0,0,0,-0.838
2019-01-28 22:00,2019-01-28 23:00,0,0,0,-0.913
2019-01-28 23:00,2019-01-29 00:00,0,0,0,-1.041
2019-01-29 00:00,2019-01-29 01:00,0,0,0,-1.124
2019-01-29 01:00,2019-01-29 02:00,0,0,0,-1.260
2019-01-29 02:00,2019-01-29 03:00,0,0,0,-1.488
2019-01-29 03:00,2019-01-29 04:00,0,0,0,-1.895
2019-01-29 04:00,2019-01-29 05:00,0,0,0,-2.168
2019-01-29 05:00,2019-01-29 06:00,0,0,0,-2.315
2019-01-29 06:00,2019-01-29 07:00,0,0,0.002,-2.402
2019-01-29 07:00,2019-01-29 08:00,0.098,0.008,0.038,-2.204
2019-01-29 08:00,2019-01-29 09:00,0.343,0.036,0.094,-1.530
2019-01-29 09:00,2019-01-29 10:00,0.689,0.111,0.137,-0.743
2019-01-29 10:00,2019-01-29 11:00,0.962,0.191,0.153,-0.147
2019-01-29 11:00,2019-01-29 12:00,0.995,0.200,0.156,0.164
2019-01-29 12:00,2019-01-29 13:00,0.987,0.211,0.143,0.276
2019-01-29 13:00,2019-01-29 14:00,0.816,0.178,0.115,0.259
2019-01-29 14:00,2019-01-29 15:00,0.513,0.114,0.075,-0.061
2019-01-29 15:00,2019-01-29 16:00,0.098,0.028,0.019,-1.360
2019-01-29 16:00,2019-01-29 17:00,0,0,0,-3.498
2019-01-29 17:00,2019-01-29 18:00,0,0,0,-4.909
2019-01-29 18:00,2019-01-29 19:00,0,0,0,-5.519
2019-01-29 19:00,2019-01-29 20:00,0,0,0,-5.978
2019-01-29 20:00,2019-01-29 21:00,0,0,0,-6.579
2019-01-29 21:00,2019-01-29 22:00,0,0,0,-7.168
2019-01-29 22:00,2019-01-29 23:00,0,0,0,-7.753
2019-01-29 23:00,2019-01-30 00:00,0,0,0,-8.470
2019-01-30 00:00,2019-01-30 01:00,0,0,0,-9.136
2019-01-30 01:00,2019-01-30 02:00,0,0,0,-9.536
2019-01-30 02:00,2019-01-30 03:00,0,0,0,-9.652
2019-01-30 03:00,2019-01-30 04:00,0,0,0,-9.897
2019-01-30 04:00,2019-01-30 05:00,0,0,0,-9.762
2019-01-30 05:00,2019-01-30 06:00,0,0,0,-9.022
2019-01-30 06:00,2019-01-30 07:00,0,0,0.003,-8.075
2019-01-30 07:00,2019-01-30 08:00,0.110,0.008,0.042,-6.282
2019-01-30 08:00,2019-01-30 09:00,0.228,0.011,0.080,-4.173
2019-01-30 09:00,2019-01-30 10:00,0.318,0.014,0.107,-2.234
2019-01-30 10:00,2019-01-30 11:00,0.418,0.022,0.134,-0.763
2019-01-30 11:00,2019-01-30 12:00,0.486,0.032,0.148,0.035
2019-01-30 12:00,2019-01-30 13:00,0.452,0.032,0.137,0.460
2019-01-30 13:00,2019-01-30 14:00,0.322,0.022,0.103,0.622
2019-01-30 14:00,2019-01-30 15:00,0.158,0.011,0.058,0.510
2019-01-30 15:00,2019-01-30 16:00,0.018,0.003,0.012,-0.076
2019-01-30 16:00,2019-01-30 17:00,0,0,0,-0.580
2019-01-30 17:00,2019-01-30 18:00,0,0,0,-1.071
2019-01-30 18:00,2019-01-30 19:00,0,0,0,-1.610
2019-01-30 19:00,2019-01-30 20:00,0,0,0,-2.131
2019-01-30 20:00,2019-01-30 21:00,0,0,0,-2.618
2019-01-30 21:00,2019-01-30 22:00,0,0,0,-3.180
2019-01-30 22:00,2019-01-30 23:00,0,0,0,-4.151
2019-01-30 23:00,2019-01-31 00:00,0,0,0,-4.868
2019-01-31 00:00,2019-01-31 01:00,0,0,0,-5.067
2019-01-31 01:00,2019-01-31 02:00,0,0,0,-5.187
2019-01-31 02:00,2019-01-31 03:00,0,0,0,-5.807
2019-01-31 03:00,2019-01-31 04:00,0,0,0,-6.748
2019-01-31 04:00,2019-01-31 05:00,0,0,0,-7.572
2019-01-31 05:00,2019-01-31 06:00,0,0,0,-8.199
2019-01-31 06:00,2019-01-31 07:00,0.001,0.002,0.004,-8.544
2019-01-31 07:00,2019-01-31 08:00,0.412,0.109,0.041,-7.323
2019-01-31 08:00,2019-01-31 09:00,1.022,0.302,0.055,-5.066
2019-01-31 09:00,2019-01-31 10:00,1.462,0.459,0.063,-3.191
2019-01-31 10:00,2019-01-31 11:00,1.700,0.549,0.071,-1.569
2019-01-31 11:00,2019-01-31 12:00,1.664,0.524,0.085,-0.316
2019-01-31 12:00,2019-01-31 13:00,1.414,0.414,0.098,0.368
2019-01-31 13:00,2019-01-31 14:00,1.079,0.294,0.093,0.399
2019-01-31 14:00,2019-01-31 15:00,0.648,0.167,0.068,0.013
2019-01-31 15:00,2019-01-31 16:00,0.175,0.053,0.020,-1.184
2019-01-31 16:00,2019-01-31 17:00,0,0,0,-2.545
2019-01-31 17:00,2019-01-31 18:00,0,0,0,-4.104
2019-01-31 18:00,2019-01-31 19:00,0,0,0,-5.617
2019-01-31 19:00,2019-01-31 20:00,0,0,0,-5.773
2019-01-31 20:00,2019-01-31 21:00,0,0,0,-4.840
2019-01-31 21:00,2019-01-31 22:00,0,0,0,-4.172
2019-01-31 22:00,2019-01-31 23:00,0,0,0,-3.969
2019-01-31 23:00,2019-02-01 00:00,0,0,0,-3.807
2019-02-01 00:00,2019-02-01 01:00,0,0,0,-3.277
2019-02-01 01:00,2019-02-01 02:00,0,0,0,-2.809
2019-02-01 02:00,2019-02-01 03:00,0,0,0,-2.507
2019-02-01 03:00,2019-02-01 04:00,0,0,0,-2.118
2019-02-01 04:00,2019-02-01 05:00,0,0,0,-2.061
2019-02-01 05:00,2019-02-01 06:00,0,0,0,-2.120
2019-02-01 06:00,2019-02-01 07:00,0,0,0.004,-2.357
2019-02-01 07:00,2019-02-01 08:00,0.072,0.003,0.034,-1.859
2019-02-01 08:00,2019-02-01 09:00,0.139,0.003,0.058,-1.047
2019-02-01 09:00,2019-02-01 10:00,0.205,0.005,0.080,-0.228
2019-02-01 10:00,2019-02-01 11:00,0.261,0.007,0.097,0.253
2019-02-01 11:00,2019-02-01 12:00,0.367,0.014,0.126,0.500
2019-02-01 12:00,2019-02-01 13:00,0.446,0.027,0.139,0.796
2019-02-01 13:00,2019-02-01 14:00,0.345,0.022,0.110,0.882
2019-02-01 14:00,2019-02-01 15:00,0.107,0.004,0.046,0.611
2019-02-01 15:00,2019-02-01 16:00,0.007,0.001,0.009,0.247
2019-02-01 16:00,2019-02-01 17:00,0,0,0,0.086
2019-02-01 17:00,2019-02-01 18:00,0,0,0,0.065
2019-02-01 18:00,2019-02-01 19:00,0,0,0,0.028
2019-02-01 19:00,2019-02-01 20:00,0,0,0,-0.011
2019-02-01 20:00,2019-02-01 21:00,0,0,0,-0.149
2019-02-01 21:00,2019-02-01 22:00,0,0,0,-0.400
2019-02-01 22:00,2019-02-01 23:00,0,0,0,-0.720
2019-02-01 23:00,2019-02-02 00:00,0,0,0,-0.942
2019-02-02 00:00,2019-02-02 01:00,0,0,0,-0.827
2019-02-02 01:00,2019-02-02 02:00,0,0,0,-0.708
2019-02-02 02:00,2019-02-02 03:00,0,0,0,-0.678
2019-02-02 03:00,2019-02-02 04:00,0,0,0,-0.713
2019-02-02 04:00,2019-02-02 05:00,0,0,0,-0.475
2019-02-02 05:00,2019-02-02 06:00,0,0,0,-0.203
2019-02-02 06:00,2019-02-02 07:00,0,0,0.002,-0.092
2019-02-02 07:00,2019-02-02 08:00,0.068,0.003,0.032,0.230
2019-02-02 08:00,2019-02-02 09:00,0.273,0.019,0.089,0.839
2019-02-02 09:00,2019-02-02 10:00,0.572,0.069,0.141,1.222
2019-02-02 10:00,2019-02-02 11:00,1.049,0.222,0.157,1.776
2019-02-02 11:00,2019-02-02 12:00,1.258,0.312,0.146,2.439
2019-02-02 12:00,2019-02-02 13:00,1.182,0.294,0.137,2.929
2019-02-02 13:00,2019-02-02 14:00,0.963,0.233,0.116,2.747
2019-02-02 14:00,2019-02-02 15:00,0.523,0.111,0.083,2.134
2019-02-02 15:00,2019-02-02 16:00,0.067,0.014,0.021,1.226
2019-02-02 16:00,2019-02-02 17:00,0,0,0,0.511
2019-02-02 17:00,2019-02-02 18:00,0,0,0,0.115
2019-02-02 18:00,2019-02-02 19:00,0,0,0,0.019
2019-02-02 19:00,2019-02-02 20:00,0,0,0,0.103
2019-02-02 20:00,2019-02-02 21:00,0,0,0,0.217
2019-02-02 21:00,2019-02-02 22:00,0,0,0,0.304
2019-02-02 22:00,2019-02-02 23:00,0,0,0,0.312
2019-02-02 23:00,2019-02-03 00:00,0,0,0,0.305
2019-02-03 00:00,2019-02-03 01:00,0,0,0,0.146
2019-02-03 01:00,2019-02-03 02:00,0,0,0,-0.017
2019-02-03 02:00,2019-02-03 03:00,0,0,0,-0.301
2019-02-03 03:00,2019-02-03 04:00,0,0,0,-0.442
2019-02-03 04:00,2019-02-03 05:00,0,0,0,-0.524
2019-02-03 05:00,2019-02-03 06:00,0,0,0,-0.600
2019-02-03 06:00,2019-02-03 07:00,0,0,0.001,-0.709
2019-02-03 07:00,2019-02-03 08:00,0.017,0,0.014,-0.795
2019-02-03 08:00,2019-02-03 09:00,0.077,0.001,0.038,-0.811
2019-02-03 09:00,2019-02-03 10:00,0.153,0.002,0.064,-0.785
2019-02-03 10:00,2019-02-03 11:00,0.195,0.003,0.078,-0.849
2019-02-03 11:00,2019-02-03 12:00,0.201,0.003,0.080,-0.948
2019-02-03 12:00,2019-02-03 13:00,0.165,0.003,0.068,-1.045
2019-02-03 13:00,2019-02-03 14:00,0.112,0.002,0.050,-1.177
2019-02-03 14:00,2019-02-03 15:00,0.050,0.001,0.027,-1.364
2019-02-03 15:00,2019-02-03 16:00,0.003,0,0.006,-1.632
2019-02-03 16:00,2019-02-03 17:00,0,0,0,-1.868
2019-02-03 17:00,2019-02-03 18:00,0,0,0,-2.015
2019-02-03 18:00,2019-02-03 19:00,0,0,0,-2.171
2019-02-03 19:00,2019-02-03 20:00,0,0,0,-2.358
2019-02-03 20:00,2019-02-03 21:00,0,0,0,-2.572
2019-02-03 21:00,2019-02-03 22:00,0,0,0,-2.777
2019-02-03 22:00,2019-02-03 23:00,0,0,0,-2.947
2019-02-03 23:00,2019-02-04 00:00,0,0,0,-3.128
2019-02-04 00:00,2019-02-04 01:00,0,0,0,-3.537
2019-02-04 01:00,2019-02-04 02:00,0,0,0,-4.217
2019-02-04 02:00,2019-02-04 03:00,0,0,0,-4.898
2019-02-04 03:00,2019-02-04 04:00,0,0,0,-5.433
2019-02-04 04:00,2019-02-04 05:00,0,0,0,-5.537
2019-02-04 05:00,2019-02-04 06:00,0,0,0,-5.462
2019-02-04 06:00,2019-02-04 07:00,0.003,0.001,0.006,-5.494
2019-02-04 07:00,2019-02-04 08:00,0.291,0.057,0.055,-5.101
2019-02-04 08:00,2019-02-04 09:00,0.833,0.214,0.080,-3.634
2019-02-04 09:00,2019-02-04 10:00,1.446,0.449,0.070,-1.679
2019-02-04 10:00,2019-02-04 11:00,1.849,0.622,0.061,-0.702
2019-02-04 11:00,2019-02-04 12:00,1.981,0.681,0.060,-0.343
2019-02-04 12:00,2019-02-04 13:00,1.897,0.646,0.060,-0.224
2019-02-04 13:00,2019-02-04 14:00,1.625,0.537,0.057,-0.285
2019-02-04 14:00,2019-02-04 15:00,1.077,0.333,0.052,-0.811
2019-02-04 15:00,2019-02-04 16:00,0.253,0.073,0.027,-2.736
2019-02-04 16:00,2019-02-04 17:00,0,0,0,-5.134
2019-02-04 17:00,2019-02-04 18:00,0,0,0,-6.110
2019-02-04 18:00,2019-02-04 19:00,0,0,0,-6.647
2019-02-04 19:00,2019-02-04 20:00,0,0,0,-7.444
2019-02-04 20:00,2019-02-04 21:00,0,0,0,-8.095
2019-02-04 21:00,2019-02-04 22:00,0,0,0,-8.594
2019-02-04 22:00,2019-02-04 23:00,0,0,0,-8.815
2019-02-04 23:00,2019-02-05 00:00,0,0,0,-8.931
2019-02-05 00:00,2019-02-05 01:00,0,0,0,-8.821
2019-02-05 01:00,2019-02-05 02:00,0,0,0,-8.535
2019-02-05 02:00,2019-02-05 03:00,0,0,0,-8.337
2019-02-05 03:00,2019-02-05 04:00,0,0,0,-8.310
2019-02-05 04:00,2019-02-05 05:00,0,0,0,-8.371
2019-02-05 05:00,2019-02-05 06:00,0,0,0,-8.450
2019-02-05 06:00,2019-02-05 07:00,0.007,0.002,0.007,-8.543
2019-02-05 07:00,2019-02-05 08:00,0.388,0.090,0.051,-7.511
2019-02-05 08:00,2019-02-05 09:00,0.941,0.259,0.070,-5.164
2019-02-05 09:00,2019-02-05 10:00,1.532,0.487,0.063,-2.733
2019-02-05 10:00,2019-02-05 11:00,1.859,0.623,0.061,-1.651
2019-02-05 11:00,2019-02-05 12:00,1.977,0.676,0.061,-0.846
2019-02-05 12:00,2019-02-05 13:00,1.909,0.651,0.059,-0.241
2019-02-05 13:00,2019-02-05 14:00,1.632,0.541,0.056,-0.035
2019-02-05 14:00,2019-02-05 15:00,1.083,0.335,0.052,-0.210
2019-02-05 15:00,2019-02-05 16:00,0.215,0.059,0.028,-1.392
2019-02-05 16:00,2019-02-05 17:00,0,0,0,-2.994
2019-02-05 17:00,2019-02-05 18:00,0,0,0,-4.064
2019-02-05 18:00,2019-02-05 19:00,0,0,0,-4.625
2019-02-05 19:00,2019-02-05 20:00,0,0,0,-5.358
2019-02-05 20:00,2019-02-05 21:00,0,0,0,-6.092
2019-02-05 21:00,2019-02-05 22:00,0,0,0,-6.768
2019-02-05 22:00,2019-02-05 23:00,0,0,0,-6.735
2019-02-05 23:00,2019-02-06 00:00,0,0,0,-6.440
2019-02-06 00:00,2019-02-06 01:00,0,0,0,-6.347
2019-02-06 01:00,2019-02-06 02:00,0,0,0,-6.550
2019-02-06 02:00,2019-02-06 03:00,0,0,0,-7.038
2019-02-06 03:00,2019-02-06 04:00,0,0,0,-7.579
2019-02-06 04:00,2019-02-06 05:00,0,0,0,-7.912
2019-02-06 05:00,2019-02-06 06:00,0,0,0,-7.830
2019-02-06 06:00,2019-02-06 07:00,0.016,0.006,0.008,-7.445
2019-02-06 07:00,2019-02-06 08:00,0.527,0.148,0.040,-6.260
2019-02-06 08:00,2019-02-06 09:00,1.139,0.350,0.050,-4.136
2019-02-06 09:00,2019-02-06 10:00,1.582,0.515,0.057,-1.860
2019-02-06 10:00,2019-02-06 11:00,1.829,0.611,0.064,-0.778
2019-02-06 11:00,2019-02-06 12:00,1.890,0.632,0.070,-0.330
2019-02-06 12:00,2019-02-06 13:00,1.744,0.566,0.076,-0.184
2019-02-06 13:00,2019-02-06 14:00,1.393,0.425,0.078,-0.277
2019-02-06 14:00,2019-02-06 15:00,0.862,0.241,0.067,-0.708
2019-02-06 15:00,2019-02-06 16:00,0.240,0.066,0.030,-1.858
2019-02-06 16:00,2019-02-06 17:00,0,0,0,-4.154
2019-02-06 17:00,2019-02-06 18:00,0,0,0,-5.232
2019-02-06 18:00,2019-02-06 19:00,0,0,0,-5.112
2019-02-06 19:00,2019-02-06 20:00,0,0,0,-4.789
2019-02-06 20:00,2019-02-06 21:00,0,0,0,-5.135
2019-02-06 21:00,2019-02-06 22:00,0,0,0,-6.080
2019-02-06 22:00,2019-02-06 23:00,0,0,0,-7.103
2019-02-06 23:00,2019-02-07 00:00,0,0,0,-7.724
2019-02-07 00:00,2019-02-07 01:00,0,0,0,-8.410
2019-02-07 01:00,2019-02-07 02:00,0,0,0,-8.566
2019-02-07 02:00,2019-02-07 03:00,0,0,0,-8.874
2019-02-07 03:00,2019-02-07 04:00,0,0,0,-9.065
2019-02-07 04:00,2019-02-07 05:00,0,0,0,-8.800
2019-02-07 05:00,2019-02-07 06:00,0,0,0,-8.248
2019-02-07 06:00,2019-02-07 07:00,0.010,0.001,0.009,-7.245
2019-02-07 07:00,2019-02-07 08:00,0.225,0.024,0.065,-4.999
2019-02-07 08:00,2019-02-07 09:00,0.452,0.048,0.119,-2.114
2019-02-07 09:00,2019-02-07 10:00,0.589,0.059,0.156,-0.257
2019-02-07 10:00,2019-02-07 11:00,0.648,0.060,0.175,0.454
2019-02-07 11:00,2019-02-07 12:00,0.600,0.048,0.172,0.843
2019-02-07 12:00,2019-02-07 13:00,0.475,0.031,0.146,0.938
2019-02-07 13:00,2019-02-07 14:00,0.299,0.015,0.102,0.834
2019-02-07 14:00,2019-02-07 15:00,0.124,0.005,0.051,0.712
2019-02-07 15:00,2019-02-07 16:00,0.015,0.001,0.012,0.687
2019-02-07 16:00,2019-02-07 17:00,0,0,0,0.634
2019-02-07 17:00,2019-02-07 18:00,0,0,0,0.534
2019-02-07 18:00,2019-02-07 19:00,0,0,0,0.442
2019-02-07 19:00,2019-02-07 20:00,0,0,0,0.438
2019-02-07 20:00,2019-02-07 21:00,0,0,0,0.460
2019-02-07 21:00,2019-02-07 22:00,0,0,0,0.422
2019-02-07 22:00,2019-02-07 23:00,0,0,0,0.386
2019-02-07 23:00,2019-02-08 00:00,0,0,0,0.331
2019-02-08 00:00,2019-02-08 01:00,0,0,0,0.218
2019-02-08 01:00,2019-02-08 02:00,0,0,0,0.110
2019-02-08 02:00,2019-02-08 03:00,0,0,0,-0.005
2019-02-08 03:00,2019-02-08 04:00,0,0,0,-0.198
2019-02-08 04:00,2019-02-08 05:00,0,0,0,-0.491
2019-02-08 05:00,2019-02-08 06:00,0,0,0,-0.857
2019-02-08 06:00,2019-02-08 07:00,0.014,0.004,0.009,-1.818
2019-02-08 07:00,2019-02-08 08:00,0.471,0.126,0.048,-1.169
2019-02-08 08:00,2019-02-08 09:00,1.086,0.335,0.055,0.605
2019-02-08 09:00,2019-02-08 10:00,1.558,0.513,0.058,1.276
2019-02-08 10:00,2019-02-08 11:00,1.869,0.642,0.059,1.728
2019-02-08 11:00,2019-02-08 12:00,1.998,0.701,0.058,2.148
2019-02-08 12:00,2019-02-08 13:00,1.939,0.678,0.057,2.575
2019-02-08 13:00,2019-02-08 14:00,1.655,0.559,0.056,2.566
2019-02-08 14:00,2019-02-08 15:00,1.118,0.353,0.053,2.036
2019-02-08 15:00,2019-02-08 16:00,0.307,0.088,0.031,0.904
2019-02-08 16:00,2019-02-08 17:00,0,0,0,-0.452
2019-02-08 17:00,2019-02-08 18:00,0,0,0,-1.592
2019-02-08 18:00,2019-02-08 19:00,0,0,0,-2.357
2019-02-08 19:00,2019-02-08 20:00,0,0,0,-2.306
2019-02-08 20:00,2019-02-08 21:00,0,0,0,-1.501
2019-02-08 21:00,2019-02-08 22:00,0,0,0,-0.861
2019-02-08 22:00,2019-02-08 23:00,0,0,0,-0.632
2019-02-08 23:00,2019-02-09 00:00,0,0,0,-0.612
2019-02-09 00:00,2019-02-09 01:00,0,0,0,-0.705
2019-02-09 01:00,2019-02-09 02:00,0,0,0,-0.719
2019-02-09 02:00,2019-02-09 03:00,0,0,0,-1.063
2019-02-09 03:00,2019-02-09 04:00,0,0,0,-1.298
2019-02-09 04:00,2019-02-09 05:00,0,0,0,-1.142
2019-02-09 05:00,2019-02-09 06:00,0,0,0,-0.780
2019-02-09 06:00,2019-02-09 07:00,0.013,0.002,0.011,0.082
2019-02-09 07:00,2019-02-09 08:00,0.199,0.022,0.061,0.682
2019-02-09 08:00,2019-02-09 09:00,0.623,0.116,0.112,1.389
2019-02-09 09:00,2019-02-09 10:00,1.217,0.330,0.112,2.062
2019-02-09 10:00,2019-02-09 11:00,1.498,0.437,0.115,2.609
2019-02-09 11:00,2019-02-09 12:00,1.497,0.425,0.128,2.951
2019-02-09 12:00,2019-02-09 13:00,1.199,0.296,0.141,3.015
2019-02-09 13:00,2019-02-09 14:00,1.067,0.270,0.118,2.920
2019-02-09 14:00,2019-02-09 15:00,0.743,0.185,0.085,2.521
2019-02-09 15:00,2019-02-09 16:00,0.166,0.036,0.035,1.822
2019-02-09 16:00,2019-02-09 17:00,0,0,0,1.036
2019-02-09 17:00,2019-02-09 18:00,0,0,0,0.656
2019-02-09 18:00,2019-02-09 19:00,0,0,0,0.440
2019-02-09 19:00,2019-02-09 20:00,0,0,0,0.320
2019-02-09 20:00,2019-02-09 21:00,0,0,0,0.399
2019-02-09 21:00,2019-02-09 22:00,0,0,0,0.719
2019-02-09 22:00,2019-02-09 23:00,0,0,0,0.837
2019-02-09 23:00,2019-02-10 00:00,0,0,0,1.134
2019-02-10 00:00,2019-02-10 01:00,0,0,0,1.712
2019-02-10 01:00,2019-02-10 02:00,0,0,0,1.738
2019-02-10 02:00,2019-02-10 03:00,0,0,0,1.257
2019-02-10 03:00,2019-02-10 04:00,0,0,0,0.880
2019-02-10 04:00,2019-02-10 05:00,0,0,0,0.615
2019-02-10 05:00,2019-02-10 06:00,0,0,0,0.907
2019-02-10 06:00,2019-02-10 07:00,0.002,0,0.006,1.049
2019-02-10 07:00,2019-02-10 08:00,0.159,0.010,0.059,1.363
2019-02-10 08:00,2019-02-10 09:00,0.542,0.076,0.124,1.714
2019-02-10 09:00,2019-02-10 10:00,1.127,0.270,0.138,1.975
2019-02-10 10:00,2019-02-10 11:00,1.420,0.378,0.143,2.349
2019-02-10 11:00,2019-02-10 12:00,1.225,0.271,0.175,2.676
2019-02-10 12:00,2019-02-10 13:00,0.714,0.087,0.174,2.585
2019-02-10 13:00,2019-02-10 14:00,0.329,0.019,0.109,2.190
2019-02-10 14:00,2019-02-10 15:00,0.143,0.006,0.057,1.866
2019-02-10 15:00,2019-02-10 16:00,0.023,0.002,0.016,1.830
2019-02-10 16:00,2019-02-10 17:00,0,0,0,1.609
2019-02-10 17:00,2019-02-10 18:00,0,0,0,1.513
2019-02-10 18:00,2019-02-10 19:00,0,0,0,1.565
2019-02-10 19:00,2019-02-10 20:00,0,0,0,1.402
2019-02-10 20:00,2019-02-10 21:00,0,0,0,1.223
2019-02-10 21:00,2019-02-10 22:00,0,0,0,1.031
2019-02-10 22:00,2019-02-10 23:00,0,0,0,0.824
2019-02-10 23:00,2019-02-11 00:00,0,0,0,0.670
2019-02-11 00:00,2019-02-11 01:00,0,0,0,0.566
2019-02-11 01:00,2019-02-11 02:00,0,0,0,0.578
2019-02-11 02:00,2019-02-11 03:00,0,0,0,0.608
2019-02-11 03:00,2019-02-11 04:00,0,0,0,0.557
2019-02-11 04:00,2019-02-11 05:00,0,0,0,0.408
2019-02-11 05:00,2019-02-11 06:00,0,0,0,0.252
2019-02-11 06:00,2019-02-11 07:00,0,0,0.003,0.161
2019-02-11 07:00,2019-02-11 08:00,0.039,0.001,0.023,0.096
2019-02-11 08:00,2019-02-11 09:00,0.109,0.002,0.049,0.133
2019-02-11 09:00,2019-02-11 10:00,0.173,0.002,0.071,0.270
2019-02-11 10:00,2019-02-11 11:00,0.214,0.003,0.084,0.445
2019-02-11 11:00,2019-02-11 12:00,0.230,0.004,0.089,0.633
2019-02-11 12:00,2019-02-11 13:00,0.234,0.005,0.090,0.818
2019-02-11 13:00,2019-02-11 14:00,0.228,0.006,0.086,1.007
2019-02-11 14:00,2019-02-11 15:00,0.213,0.011,0.077,1.033
2019-02-11 15:00,2019-02-11 16:00,0.078,0.007,0.033,0.738
2019-02-11 16:00,2019-02-11 17:00,0,0,0,0.323
2019-02-11 17:00,2019-02-11 18:00,0,0,0,0.234
2019-02-11 18:00,2019-02-11 19:00,0,0,0,0.212
2019-02-11 19:00,2019-02-11 20:00,0,0,0,0.213
2019-02-11 20:00,2019-02-11 21:00,0,0,0,0.165
2019-02-11 21:00,2019-02-11 22:00,0,0,0,-0.073
2019-02-11 22:00,2019-02-11 23:00,0,0,0,-0.467
2019-02-11 23:00,2019-02-12 00:00,0,0,0,-0.676
2019-02-12 00:00,2019-02-12 01:00,0,0,0,-0.967
2019-02-12 01:00,2019-02-12 02:00,0,0,0,-1.323
2019-02-12 02:00,2019-02-12 03:00,0,0,0,-1.520
2019-02-12 03:00,2019-02-12 04:00,0,0,0,-1.583
2019-02-12 04:00,2019-02-12 05:00,0,0,0,-1.583
2019-02-12 05:00,2019-02-12 06:00,0,0,0,-1.641
2019-02-12 06:00,2019-02-12 07:00,0.007,0,0.009,-1.636
2019-02-12 07:00,2019-02-12 08:00,0.176,0.011,0.063,-1.058
2019-02-12 08:00,2019-02-12 09:00,0.381,0.028,0.116,-0.135
2019-02-12 09:00,2019-02-12 10:00,0.614,0.060,0.164,0.494
2019-02-12 10:00,2019-02-12 11:00,0.731,0.078,0.186,0.795
2019-02-12 11:00,2019-02-12 12:00,0.813,0.098,0.195,1.000
2019-02-12 12:00,2019-02-12 13:00,0.658,0.067,0.173,1.008
2019-02-12 13:00,2019-02-12 14:00,0.498,0.047,0.138,0.955
2019-02-12 14:00,2019-02-12 15:00,0.331,0.034,0.094,0.726
2019-02-12 15:00,2019-02-12 16:00,0.099,0.012,0.035,0.040
2019-02-12 16:00,2019-02-12 17:00,0,0,0.001,-1.112
2019-02-12 17:00,2019-02-12 18:00,0,0,0,-1.790
2019-02-12 18:00,2019-02-12 19:00,0,0,0,-2.380
2019-02-12 19:00,2019-02-12 20:00,0,0,0,-3.139
2019-02-12 20:00,2019-02-12 21:00,0,0,0,-3.686
2019-02-12 21:00,2019-02-12 22:00,0,0,0,-4.048
2019-02-12 22:00,2019-02-12 23:00,0,0,0,-4.340
2019-02-12 23:00,2019-02-13 00:00,0,0,0,-4.426
2019-02-13 00:00,2019-02-13 01:00,0,0,0,-4.587
2019-02-13 01:00,2019-02-13 02:00,0,0,0,-4.760
2019-02-13 02:00,2019-02-13 03:00,0,0,0,-4.859
2019-02-13 03:00,2019-02-13 04:00,0,0,0,-4.935
2019-02-13 04:00,2019-02-13 05:00,0,0,0,-5.281
2019-02-13 05:00,2019-02-13 06:00,0,0,0,-5.628
2019-02-13 06:00,2019-02-13 07:00,0.036,0.008,0.014,-5.543
2019-02-13 07:00,2019-02-13 08:00,0.545,0.148,0.049,-3.619
2019-02-13 08:00,2019-02-13 09:00,1.142,0.352,0.056,-0.861
2019-02-13 09:00,2019-02-13 10:00,1.605,0.531,0.059,1.112
2019-02-13 10:00,2019-02-13 11:00,1.898,0.654,0.061,2.053
2019-02-13 11:00,2019-02-13 12:00,2.017,0.708,0.061,2.733
2019-02-13 12:00,2019-02-13 13:00,1.952,0.684,0.060,3.295
2019-02-13 13:00,2019-02-13 14:00,1.703,0.582,0.057,3.462
2019-02-13 14:00,2019-02-13 15:00,1.231,0.398,0.051,2.990
2019-02-13 15:00,2019-02-13 16:00,0.483,0.145,0.035,1.320
2019-02-13 16:00,2019-02-13 17:00,0,0.001,0.001,-0.625
2019-02-13 17:00,2019-02-13 18:00,0,0,0,-1.276
2019-02-13 18:00,2019-02-13 19:00,0,0,0,-0.962
2019-02-13 19:00,2019-02-13 20:00,0,0,0,-0.292
2019-02-13 20:00,2019-02-13 21:00,0,0,0,0.208
2019-02-13 21:00,2019-02-13 22:00,0,0,0,-0.183
2019-02-13 22:00,2019-02-13 23:00,0,0,0,-0.659
2019-02-13 23:00,2019-02-14 00:00,0,0,0,-0.654
2019-02-14 00:00,2019-02-14 01:00,0,0,0,-0.558
2019-02-14 01:00,2019-02-14 02:00,0,0,0,-0.634
2019-02-14 02:00,2019-02-14 03:00,0,0,0,-0.690
2019-02-14 03:00,2019-02-14 04:00,0,0,0,-0.644
2019-02-14 04:00,2019-02-14 05:00,0,0,0,-0.579
2019-02-14 05:00,2019-02-14 06:00,0,0,0,-0.647
2019-02-14 06:00,2019-02-14 07:00,0.025,0.003,0.015,-0.685
2019-02-14 07:00,2019-02-14 08:00,0.301,0.043,0.074,0.201
2019-02-14 08:00,2019-02-14 09:00,0.621,0.107,0.120,1.674
2019-02-14 09:00,2019-02-14 10:00,0.975,0.210,0.144,2.801
2019-02-14 10:00,2019-02-14 11:00,1.442,0.406,0.129,4.160
2019-02-14 11:00,2019-02-14 12:00,1.704,0.538,0.108,5.550
2019-02-14 12:00,2019-02-14 13:00,1.631,0.514,0.104,6.214
2019-02-14 13:00,2019-02-14 14:00,1.327,0.393,0.102,6.257
2019-02-14 14:00,2019-02-14 15:00,0.819,0.214,0.088,5.893
2019-02-14 15:00,2019-02-14 16:00,0.262,0.061,0.045,4.904
2019-02-14 16:00,2019-02-14 17:00,0,0.001,0.001,3.461
2019-02-14 17:00,2019-02-14 18:00,0,0,0,2.788
2019-02-14 18:00,2019-02-14 19:00,0,0,0,2.526
2019-02-14 19:00,2019-02-14 20:00,0,0,0,2.203
2019-02-14 20:00,2019-02-14 21:00,0,0,0,1.685
2019-02-14 21:00,2019-02-14 22:00,0,0,0,1.152
2019-02-14 22:00,2019-02-14 23:00,0,0,0,0.759
2019-02-14 23:00,2019-02-15 00:00,0,0,0,0.473
2019-02-15 00:00,2019-02-15 01:00,0,0,0,0.111
2019-02-15 01:00,2019-02-15 02:00,0,0,0,-0.170
2019-02-15 02:00,2019-02-15 03:00,0,0,0,-0.459
2019-02-15 03:00,2019-02-15 04:00,0,0,0,-0.906
2019-02-15 04:00,2019-02-15 05:00,0,0,0,-1.363
2019-02-15 05:00,2019-02-15 06:00,0,0,0,-1.597
2019-02-15 06:00,2019-02-15 07:00,0.047,0.012,0.015,-1.364
2019-02-15 07:00,2019-02-15 08:00,0.589,0.171,0.044,1.129
2019-02-15 08:00,2019-02-15 09:00,1.177,0.379,0.051,3.684
2019-02-15 09:00,2019-02-15 10:00,1.624,0.556,0.055,5.131
2019-02-15 10:00,2019-02-15 11:00,1.904,0.678,0.058,6.300
2019-02-15 11:00,2019-02-15 12:00,2.015,0.732,0.058,7.157
2019-02-15 12:00,2019-02-15 13:00,1.963,0.711,0.057,7.448
2019-02-15 13:00,2019-02-15 14:00,1.730,0.610,0.053,7.077
2019-02-15 14:00,2019-02-15 15:00,1.292,0.432,0.048,5.673
2019-02-15 15:00,2019-02-15 16:00,0.570,0.177,0.034,2.866
2019-02-15 16:00,2019-02-15 17:00,0,0.003,0.002,0.806
2019-02-15 17:00,2019-02-15 18:00,0,0,0,0.353
2019-02-15 18:00,2019-02-15 19:00,0,0,0,0.148
2019-02-15 19:00,2019-02-15 20:00,0,0,0,0.022
2019-02-15 20:00,2019-02-15 21:00,0,0,0,-0.064
2019-02-15 21:00,2019-02-15 22:00,0,0,0,-0.400
2019-02-15 22:00,2019-02-15 23:00,0,0,0,-0.991
2019-02-15 23:00,2019-02-16 00:00,0,0,0,-1.488
2019-02-16 00:00,2019-02-16 01:00,0,0,0,-1.775
2019-02-16 01:00,2019-02-16 02:00,0,0,0,-1.686
2019-02-16 02:00,2019-02-16 03:00,0,0,0,-1.523
2019-02-16 03:00,2019-02-16 04:00,0,0,0,-1.459
2019-02-16 04:00,2019-02-16 05:00,0,0,0,-1.722
2019-02-16 05:00,2019-02-16 06:00,0,0,0,-2.169
2019-02-16 06:00,2019-02-16 07:00,0.057,0.016,0.015,-2.032
2019-02-16 07:00,2019-02-16 08:00,0.642,0.195,0.039,0.837
2019-02-16 08:00,2019-02-16 09:00,1.241,0.409,0.045,3.288
2019-02-16 09:00,2019-02-16 10:00,1.681,0.585,0.050,5.134
2019-02-16 10:00,2019-02-16 11:00,1.952,0.708,0.052,7.022
2019-02-16 11:00,2019-02-16 12:00,2.055,0.761,0.053,8.337
2019-02-16 12:00,2019-02-16 13:00,1.988,0.733,0.053,9.010
2019-02-16 13:00,2019-02-16 14:00,1.753,0.631,0.050,9.246
2019-02-16 14:00,2019-02-16 15:00,1.314,0.450,0.045,8.240
2019-02-16 15:00,2019-02-16 16:00,0.599,0.191,0.034,6.744
2019-02-16 16:00,2019-02-16 17:00,0.002,0.004,0.002,5.174
2019-02-16 17:00,2019-02-16 18:00,0,0,0,4.444
2019-02-16 18:00,2019-02-16 19:00,0,0,0,4.085
2019-02-16 19:00,2019-02-16 20:00,0,0,0,3.934
2019-02-16 20:00,2019-02-16 21:00,0,0,0,3.945
2019-02-16 21:00,2019-02-16 22:00,0,0,0,3.576
2019-02-16 22:00,2019-02-16 23:00,0,0,0,3.030
2019-02-16 23:00,2019-02-17 00:00,0,0,0,2.669
2019-02-17 00:00,2019-02-17 01:00,0,0,0,2.428
2019-02-17 01:00,2019-02-17 02:00,0,0,0,2.142
2019-02-17 02:00,2019-02-17 03:00,0,0,0,1.773
2019-02-17 03:00,2019-02-17 04:00,0,0,0,1.134
2019-02-17 04:00,2019-02-17 05:00,0,0,0,0.276
2019-02-17 05:00,2019-02-17 06:00,0,0,0,-0.460
2019-02-17 06:00,2019-02-17 07:00,0.060,0.016,0.016,-0.501
2019-02-17 07:00,2019-02-17 08:00,0.642,0.196,0.039,1.905
2019-02-17 08:00,2019-02-17 09:00,1.246,0.414,0.044,4.602
2019-02-17 09:00,2019-02-17 10:00,1.694,0.597,0.048,6.482
2019-02-17 10:00,2019-02-17 11:00,1.965,0.722,0.051,8.373
2019-02-17 11:00,2019-02-17 12:00,2.068,0.776,0.051,9.716
2019-02-17 12:00,2019-02-17 13:00,2.010,0.752,0.050,10.308
2019-02-17 13:00,2019-02-17 14:00,1.779,0.650,0.048,10.580
2019-02-17 14:00,2019-02-17 15:00,1.352,0.470,0.043,9.337
2019-02-17 15:00,2019-02-17 16:00,0.650,0.211,0.033,7.458
2019-02-17 16:00,2019-02-17 17:00,0.006,0.006,0.003,5.629
2019-02-17 17:00,2019-02-17 18:00,0,0,0,4.891
2019-02-17 18:00,2019-02-17 19:00,0,0,0,4.532
2019-02-17 19:00,2019-02-17 20:00,0,0,0,4.442
2019-02-17 20:00,2019-02-17 21:00,0,0,0,4.369
2019-02-17 21:00,2019-02-17 22:00,0,0,0,4.157
2019-02-17 22:00,2019-02-17 23:00,0,0,0,3.566
2019-02-17 23:00,2019-02-18 00:00,0,0,0,2.965
2019-02-18 00:00,2019-02-18 01:00,0,0,0,2.554
2019-02-18 01:00,2019-02-18 02:00,0,0,0,2.102
2019-02-18 02:00,2019-02-18 03:00,0,0,0,1.676
2019-02-18 03:00,2019-02-18 04:00,0,0,0,1.312
2019-02-18 04:00,2019-02-18 05:00,0,0,0,1.054
2019-02-18 05:00,2019-02-18 06:00,0,0,0,0.788
2019-02-18 06:00,2019-02-18 07:00,0.068,0.019,0.016,0.820
2019-02-18 07:00,2019-02-18 08:00,0.670,0.208,0.037,2.449
2019-02-18 08:00,2019-02-18 09:00,1.267,0.424,0.043,4.851
2019-02-18 09:00,2019-02-18 10:00,1.707,0.606,0.047,7.094
2019-02-18 10:00,2019-02-18 11:00,1.979,0.729,0.050,8.425
2019-02-18 11:00,2019-02-18 12:00,2.087,0.782,0.051,9.156
2019-02-18 12:00,2019-02-18 13:00,2.024,0.754,0.051,9.443
2019-02-18 13:00,2019-02-18 14:00,1.793,0.650,0.049,9.200
2019-02-18 14:00,2019-02-18 15:00,1.354,0.466,0.045,8.334
2019-02-18 15:00,2019-02-18 16:00,0.647,0.207,0.035,6.118
2019-02-18 16:00,2019-02-18 17:00,0.008,0.007,0.003,4.140
2019-02-18 17:00,2019-02-18 18:00,0,0,0,3.181
2019-02-18 18:00,2019-02-18 19:00,0,0,0,2.530
2019-02-18 19:00,2019-02-18 20:00,0,0,0,1.690
2019-02-18 20:00,2019-02-18 21:00,0,0,0,0.616
2019-02-18 21:00,2019-02-18 22:00,0,0,0,-0.308
2019-02-18 22:00,2019-02-18 23:00,0,0,0,-0.735
2019-02-18 23:00,2019-02-19 00:00,0,0,0,-0.833
2019-02-19 00:00,2019-02-19 01:00,0,0,0,-0.663
2019-02-19 01:00,2019-02-19 02:00,0,0,0,-0.444
2019-02-19 02:00,2019-02-19 03:00,0,0,0,-0.406
2019-02-19 03:00,2019-02-19 04:00,0,0,0,-0.485
2019-02-19 04:00,2019-02-19 05:00,0,0,0,-0.438
2019-02-19 05:00,2019-02-19 06:00,0,0,0,-0.296
2019-02-19 06:00,2019-02-19 07:00,0.065,0.013,0.022,0.476
2019-02-19 07:00,2019-02-19 08:00,0.583,0.160,0.056,3.377
2019-02-19 08:00,2019-02-19 09:00,1.139,0.355,0.066,5.788
2019-02-19 09:00,2019-02-19 10:00,1.566,0.524,0.071,7.544
2019-02-19 10:00,2019-02-19 11:00,1.831,0.639,0.075,8.669
2019-02-19 11:00,2019-02-19 12:00,1.927,0.683,0.077,9.284
2019-02-19 12:00,2019-02-19 13:00,1.847,0.646,0.078,9.480
2019-02-19 13:00,2019-02-19 14:00,1.535,0.503,0.085,9.187
2019-02-19 14:00,2019-02-19 15:00,0.719,0.169,0.101,7.924
2019-02-19 15:00,2019-02-19 16:00,0.145,0.020,0.045,5.908
2019-02-19 16:00,2019-02-19 17:00,0,0,0.002,4.460
2019-02-19 17:00,2019-02-19 18:00,0,0,0,3.996
2019-02-19 18:00,2019-02-19 19:00,0,0,0,3.596
2019-02-19 19:00,2019-02-19 20:00,0,0,0,3.093
2019-02-19 20:00,2019-02-19 21:00,0,0,0,2.644
2019-02-19 21:00,2019-02-19 22:00,0,0,0,2.354
2019-02-19 22:00,2019-02-19 23:00,0,0,0,2.282
2019-02-19 23:00,2019-02-20 00:00,0,0,0,2.146
2019-02-20 00:00,2019-02-20 01:00,0,0,0,1.999
2019-02-20 01:00,2019-02-20 02:00,0,0,0,1.804
2019-02-20 02:00,2019-02-20 03:00,0,0,0,1.622
2019-02-20 03:00,2019-02-20 04:00,0,0,0,1.491
2019-02-20 04:00,2019-02-20 05:00,0,0,0,1.432
2019-02-20 05:00,2019-02-20 06:00,0,0,0,1.452
2019-02-20 06:00,2019-02-20 07:00,0.009,0,0.010,1.594
2019-02-20 07:00,2019-02-20 08:00,0.133,0.004,0.056,2.485
2019-02-20 08:00,2019-02-20 09:00,0.344,0.016,0.118,3.736
2019-02-20 09:00,2019-02-20 10:00,0.531,0.033,0.166,4.989
2019-02-20 10:00,2019-02-20 11:00,0.682,0.055,0.199,6.425
2019-02-20 11:00,2019-02-20 12:00,0.724,0.065,0.205,7.217
2019-02-20 12:00,2019-02-20 13:00,0.725,0.073,0.198,7.605
2019-02-20 13:00,2019-02-20 14:00,0.464,0.033,0.145,7.537
2019-02-20 14:00,2019-02-20 15:00,0.288,0.019,0.097,7.214
2019-02-20 15:00,2019-02-20 16:00,0.092,0.006,0.039,6.232
2019-02-20 16:00,2019-02-20 17:00,0,0,0.002,5.473
2019-02-20 17:00,2019-02-20 18:00,0,0,0,5.162
2019-02-20 18:00,2019-02-20 19:00,0,0,0,4.691
2019-02-20 19:00,2019-02-20 20:00,0,0,0,3.931
2019-02-20 20:00,2019-02-20 21:00,0,0,0,3.200
2019-02-20 21:00,2019-02-20 22:00,0,0,0,2.743
2019-02-20 22:00,2019-02-20 23:00,0,0,0,2.426
2019-02-20 23:00,2019-02-21 00:00,0,0,0,1.905
2019-02-21 00:00,2019-02-21 01:00,0,0,0,1.314
2019-02-21 01:00,2019-02-21 02:00,0,0,0,0.757
2019-02-21 02:00,2019-02-21 03:00,0,0,0,0.321
2019-02-21 03:00,2019-02-21 04:00,0,0,0,0.080
2019-02-21 04:00,2019-02-21 05:00,0,0,0,-0.229
2019-02-21 05:00,2019-02-21 06:00,0,0,0,-0.444
2019-02-21 06:00,2019-02-21 07:00,0.072,0.009,0.028,0.416
2019-02-21 07:00,2019-02-21 08:00,0.528,0.119,0.078,3.396
2019-02-21 08:00,2019-02-21 09:00,0.955,0.240,0.111,5.255
2019-02-21 09:00,2019-02-21 10:00,1.092,0.246,0.160,7.106
2019-02-21 10:00,2019-02-21 11:00,0.915,0.140,0.201,8.114
2019-02-21 11:00,2019-02-21 12:00,0.762,0.084,0.201,8.503
2019-02-21 12:00,2019-02-21 13:00,0.607,0.053,0.177,8.632
2019-02-21 13:00,2019-02-21 14:00,0.475,0.039,0.144,8.645
2019-02-21 14:00,2019-02-21 15:00,0.337,0.031,0.103,8.274
2019-02-21 15:00,2019-02-21 16:00,0.140,0.015,0.049,6.781
2019-02-21 16:00,2019-02-21 17:00,0,0.001,0.003,5.148
2019-02-21 17:00,2019-02-21 18:00,0,0,0,4.945
2019-02-21 18:00,2019-02-21 19:00,0,0,0,4.519
2019-02-21 19:00,2019-02-21 20:00,0,0,0,3.746
2019-02-21 20:00,2019-02-21 21:00,0,0,0,2.926
2019-02-21 21:00,2019-02-21 22:00,0,0,0,2.427
2019-02-21 22:00,2019-02-21 23:00,0,0,0,2.685
2019-02-21 23:00,2019-02-22 00:00,0,0,0,3.031
2019-02-22 00:00,2019-02-22 01:00,0,0,0,3.203
2019-02-22 01:00,2019-02-22 02:00,0,0,0,3.197
2019-02-22 02:00,2019-02-22 03:00,0,0,0,3.424
2019-02-22 03:00,2019-02-22 04:00,0,0,0,3.645
2019-02-22 04:00,2019-02-22 05:00,0,0,0,3.781
2019-02-22 05:00,2019-02-22 06:00,0,-0,0,3.877
2019-02-22 06:00,2019-02-22 07:00,0,0,0.004,3.890
2019-02-22 07:00,2019-02-22 08:00,0.052,0.001,0.029,4.074
2019-02-22 08:00,2019-02-22 09:00,0.192,0.004,0.078,4.709
2019-02-22 09:00,2019-02-22 10:00,0.439,0.017,0.151,5.748
2019-02-22 10:00,2019-02-22 11:00,0.629,0.039,0.196,6.594
2019-02-22 11:00,2019-02-22 12:00,0.694,0.053,0.207,7.124
2019-02-22 12:00,2019-02-22 13:00,0.701,0.062,0.200,7.410
2019-02-22 13:00,2019-02-22 14:00,0.535,0.042,0.161,7.369
2019-02-22 14:00,2019-02-22 15:00,0.336,0.025,0.108,7.012
2019-02-22 15:00,2019-02-22 16:00,0.139,0.011,0.052,6.118
2019-02-22 16:00,2019-02-22 17:00,0,0.001,0.004,4.592
2019-02-22 17:00,2019-02-22 18:00,0,0,0,4.219
2019-02-22 18:00,2019-02-22 19:00,0,0,0,3.458
2019-02-22 19:00,2019-02-22 20:00,0,0,0,2.442
2019-02-22 20:00,2019-02-22 21:00,0,0,0,1.241
2019-02-22 21:00,2019-02-22 22:00,0,0,0,0.213
2019-02-22 22:00,2019-02-22 23:00,0,0,0,-0.724
2019-02-22 23:00,2019-02-23 00:00,0,0,0,-1.613
2019-02-23 00:00,2019-02-23 01:00,0,0,0,-2.279
2019-02-23 01:00,2019-02-23 02:00,0,0,0,-2.468
2019-02-23 02:00,2019-02-23 03:00,0,0,0,-2.862
2019-02-23 03:00,2019-02-23 04:00,0,0,0,-3.318
2019-02-23 04:00,2019-02-23 05:00,0,0,0,-3.588
2019-02-23 05:00,2019-02-23 06:00,0,-0,0,-3.923
2019-02-23 06:00,2019-02-23 07:00,0.090,0.018,0.025,-3.575
2019-02-23 07:00,2019-02-23 08:00,0.720,0.214,0.044,-2.004
2019-02-23 08:00,2019-02-23 09:00,1.333,0.433,0.048,0.256
2019-02-23 09:00,2019-02-23 10:00,1.781,0.612,0.053,2.122
2019-02-23 10:00,2019-02-23 11:00,2.061,0.736,0.056,3.203
2019-02-23 11:00,2019-02-23 12:00,2.177,0.790,0.057,3.700
2019-02-23 12:00,2019-02-23 13:00,2.127,0.769,0.056,3.821
2019-02-23 13:00,2019-02-23 14:00,1.893,0.666,0.054,3.603
2019-02-23 14:00,2019-02-23 15:00,1.403,0.462,0.054,2.945
2019-02-23 15:00,2019-02-23 16:00,0.632,0.184,0.047,1.425
2019-02-23 16:00,2019-02-23 17:00,0.028,0.013,0.006,-1.375
2019-02-23 17:00,2019-02-23 18:00,0,0,0,-2.454
2019-02-23 18:00,2019-02-23 19:00,0,0,0,-3.068
2019-02-23 19:00,2019-02-23 20:00,0,0,0,-3.459
2019-02-23 20:00,2019-02-23 21:00,0,0,0,-3.682
2019-02-23 21:00,2019-02-23 22:00,0,0,0,-3.759
2019-02-23 22:00,2019-02-23 23:00,0,0,0,-3.875
2019-02-23 23:00,2019-02-24 00:00,0,0,0,-3.867
2019-02-24 00:00,2019-02-24 01:00,0,0,0,-3.780
2019-02-24 01:00,2019-02-24 02:00,0,0,0,-3.666
2019-02-24 02:00,2019-02-24 03:00,0,0,0,-3.678
2019-02-24 03:00,2019-02-24 04:00,0,0,0,-3.954
2019-02-24 04:00,2019-02-24 05:00,0,0,0,-4.217
2019-02-24 05:00,2019-02-24 06:00,0,-0,0,-4.317
2019-02-24 06:00,2019-02-24 07:00,0.107,0.025,0.025,-3.403
2019-02-24 07:00,2019-02-24 08:00,0.693,0.195,0.054,-1.006
2019-02-24 08:00,2019-02-24 09:00,0.968,0.246,0.102,1.125
2019-02-24 09:00,2019-02-24 10:00,1.208,0.304,0.137,3.048
2019-02-24 10:00,2019-02-24 11:00,1.314,0.324,0.160,4.066
2019-02-24 11:00,2019-02-24 12:00,1.418,0.369,0.157,4.715
2019-02-24 12:00,2019-02-24 13:00,1.749,0.559,0.105,5.286
2019-02-24 13:00,2019-02-24 14:00,1.780,0.608,0.070,5.370
2019-02-24 14:00,2019-02-24 15:00,1.358,0.441,0.062,4.814
2019-02-24 15:00,2019-02-24 16:00,0.692,0.205,0.048,2.956
2019-02-24 16:00,2019-02-24 17:00,0.040,0.017,0.008,0.312
2019-02-24 17:00,2019-02-24 18:00,0,0,0,-0.337
2019-02-24 18:00,2019-02-24 19:00,0,0,0,-0.489
2019-02-24 19:00,2019-02-24 20:00,0,0,0,-0.542
2019-02-24 20:00,2019-02-24 21:00,0,0,0,-0.496
2019-02-24 21:00,2019-02-24 22:00,0,0,0,-0.475
2019-02-24 22:00,2019-02-24 23:00,0,0,0,-0.487
2019-02-24 23:00,2019-02-25 00:00,0,0,0,-0.462
2019-02-25 00:00,2019-02-25 01:00,0,0,0,-0.326
2019-02-25 01:00,2019-02-25 02:00,0,0,0,-0.114
2019-02-25 02:00,2019-02-25 03:00,0,0,0,-0.104
2019-02-25 03:00,2019-02-25 04:00,0,0,0,-0.442
2019-02-25 04:00,2019-02-25 05:00,0,0,0,-0.837
2019-02-25 05:00,2019-02-25 06:00,0,-0,0,-1.071
2019-02-25 06:00,2019-02-25 07:00,0.104,0.021,0.028,-0.226
2019-02-25 07:00,2019-02-25 08:00,0.680,0.197,0.052,2.686
2019-02-25 08:00,2019-02-25 09:00,1.251,0.401,0.060,4.634
2019-02-25 09:00,2019-02-25 10:00,1.676,0.573,0.066,6.654
2019-02-25 10:00,2019-02-25 11:00,1.940,0.691,0.069,8.127
2019-02-25 11:00,2019-02-25 12:00,2.044,0.743,0.070,9.208
2019-02-25 12:00,2019-02-25 13:00,1.976,0.714,0.070,9.757
2019-02-25 13:00,2019-02-25 14:00,1.713,0.593,0.072,9.792
2019-02-25 14:00,2019-02-25 15:00,1.071,0.315,0.086,8.853
2019-02-25 15:00,2019-02-25 16:00,0.375,0.085,0.061,6.817
2019-02-25 16:00,2019-02-25 17:00,0.026,0.011,0.008,5.039
2019-02-25 17:00,2019-02-25 18:00,0,0,0,4.516
2019-02-25 18:00,2019-02-25 19:00,0,0,0,4.216
2019-02-25 19:00,2019-02-25 20:00,0,0,0,4.043
2019-02-25 20:00,2019-02-25 21:00,0,0,0,4.065
2019-02-25 21:00,2019-02-25 22:00,0,0,0,3.931
2019-02-25 22:00,2019-02-25 23:00,0,0,0,3.575
2019-02-25 23:00,2019-02-26 00:00,0,0,0,3.276
2019-02-26 00:00,2019-02-26 01:00,0,0,0,3.057
2019-02-26 01:00,2019-02-26 02:00,0,0,0,2.919
2019-02-26 02:00,2019-02-26 03:00,0,0,0,2.738
2019-02-26 03:00,2019-02-26 04:00,0,0,0,2.470
2019-02-26 04:00,2019-02-26 05:00,0,0,0,2.183
2019-02-26 05:00,2019-02-26 06:00,0,-0,0,1.482
2019-02-26 06:00,2019-02-26 07:00,0.110,0.023,0.028,1.643
2019-02-26 07:00,2019-02-26 08:00,0.618,0.168,0.061,4.485
2019-02-26 08:00,2019-02-26 09:00,1.142,0.351,0.073,6.671
2019-02-26 09:00,2019-02-26 10:00,1.661,0.575,0.065,9.085
2019-02-26 10:00,2019-02-26 11:00,1.940,0.709,0.065,11.163
2019-02-26 11:00,2019-02-26 12:00,2.040,0.761,0.066,12.289
2019-02-26 12:00,2019-02-26 13:00,1.991,0.741,0.064,12.785
2019-02-26 13:00,2019-02-26 14:00,1.767,0.640,0.062,12.709
2019-02-26 14:00,2019-02-26 15:00,1.353,0.464,0.058,12.074
2019-02-26 15:00,2019-02-26 16:00,0.739,0.234,0.045,10.093
2019-02-26 16:00,2019-02-26 17:00,0.065,0.026,0.009,8.165
2019-02-26 17:00,2019-02-26 18:00,0,0,0,7.307
2019-02-26 18:00,2019-02-26 19:00,0,0,0,6.682
2019-02-26 19:00,2019-02-26 20:00,0,0,0,6.349
2019-02-26 20:00,2019-02-26 21:00,0,0,0,6.261
2019-02-26 21:00,2019-02-26 22:00,0,0,0,5.896
2019-02-26 22:00,2019-02-26 23:00,0,0,0,5.284
2019-02-26 23:00,2019-02-27 00:00,0,0,0,4.686
2019-02-27 00:00,2019-02-27 01:00,0,0,0,4.314
2019-02-27 01:00,2019-02-27 02:00,0,0,0,4.400
2019-02-27 02:00,2019-02-27 03:00,0,0,0,4.498
2019-02-27 03:00,2019-02-27 04:00,0,0,0,3.889
2019-02-27 04:00,2019-02-27 05:00,0,0,0,3.190
2019-02-27 05:00,2019-02-27 06:00,0,0,0,2.382
2019-02-27 06:00,2019-02-27 07:00,0.115,0.019,0.034,2.611
2019-02-27 07:00,2019-02-27 08:00,0.673,0.194,0.055,5.063
2019-02-27 08:00,2019-02-27 09:00,1.233,0.399,0.062,7.579
2019-02-27 09:00,2019-02-27 10:00,1.651,0.575,0.066,10.223
2019-02-27 10:00,2019-02-27 11:00,1.908,0.697,0.068,12.361
2019-02-27 11:00,2019-02-27 12:00,2.013,0.751,0.069,13.484
2019-02-27 12:00,2019-02-27 13:00,1.964,0.730,0.068,13.741
2019-02-27 13:00,2019-02-27 14:00,1.756,0.637,0.064,13.622
2019-02-27 14:00,2019-02-27 15:00,1.362,0.470,0.058,12.991
2019-02-27 15:00,2019-02-27 16:00,0.745,0.237,0.047,11.213
2019-02-27 16:00,2019-02-27 17:00,0.076,0.030,0.010,8.554
2019-02-27 17:00,2019-02-27 18:00,0,0,0,7.000
2019-02-27 18:00,2019-02-27 19:00,0,0,0,5.894
2019-02-27 19:00,2019-02-27 20:00,0,0,0,4.842
2019-02-27 20:00,2019-02-27 21:00,0,0,0,3.815
2019-02-27 21:00,2019-02-27 22:00,0,0,0,2.917
2019-02-27 22:00,2019-02-27 23:00,0,0,0,2.288
2019-02-27 23:00,2019-02-28 00:00,0,0,0,1.932
2019-02-28 00:00,2019-02-28 01:00,0,0,0,1.773
2019-02-28 01:00,2019-02-28 02:00,0,0,0,1.908
2019-02-28 02:00,2019-02-28 03:00,0,0,0,1.968
2019-02-28 03:00,2019-02-28 04:00,0,0,0,2.095
2019-02-28 04:00,2019-02-28 05:00,0,0,0,2.215
2019-02-28 05:00,2019-02-28 06:00,0,0,0.001,2.373
2019-02-28 06:00,2019-02-28 07:00,0.126,0.025,0.033,3.974
2019-02-28 07:00,2019-02-28 08:00,0.715,0.217,0.049,6.516
2019-02-28 08:00,2019-02-28 09:00,1.275,0.425,0.057,9.051
2019-02-28 09:00,2019-02-28 10:00,1.682,0.595,0.063,11.249
2019-02-28 10:00,2019-02-28 11:00,1.932,0.710,0.067,12.545
2019-02-28 11:00,2019-02-28 12:00,2.023,0.754,0.070,13.237
2019-02-28 12:00,2019-02-28 13:00,1.951,0.720,0.071,13.624
2019-02-28 13:00,2019-02-28 14:00,1.727,0.619,0.069,13.637
2019-02-28 14:00,2019-02-28 15:00,1.294,0.432,0.067,13.067
2019-02-28 15:00,2019-02-28 16:00,0.572,0.161,0.059,11.632
2019-02-28 16:00,2019-02-28 17:00,0.046,0.017,0.011,9.529
2019-02-28 17:00,2019-02-28 18:00,0,0,0,8.351
2019-02-28 18:00,2019-02-28 19:00,0,0,0,7.593
2019-02-28 19:00,2019-02-28 20:00,0,0,0,7.008
2019-02-28 20:00,2019-02-28 21:00,0,0,0,6.089
2019-02-28 21:00,2019-02-28 22:00,0,0,0,5.283
2019-02-28 22:00,2019-02-28 23:00,0,0,0,4.961
2019-02-28 23:00,2019-03-01 00:00,0,0,0,4.883
2019-03-01 00:00,2019-03-01 01:00,0,0,0,4.570
2019-03-01 01:00,2019-03-01 02:00,0,0,0,4.412
2019-03-01 02:00,2019-03-01 03:00,0,0,0,4.439
2019-03-01 03:00,2019-03-01 04:00,0,0,0,4.559
2019-03-01 04:00,2019-03-01 05:00,0,0,0,4.775
2019-03-01 05:00,2019-03-01 06:00,0,0,0,4.792
2019-03-01 06:00,2019-03-01 07:00,0.045,0.001,0.027,4.977
2019-03-01 07:00,2019-03-01 08:00,0.203,0.006,0.080,5.557
2019-03-01 08:00,2019-03-01 09:00,0.354,0.012,0.127,6.200
2019-03-01 09:00,2019-03-01 10:00,0.375,0.010,0.136,6.369
2019-03-01 10:00,2019-03-01 11:00,0.457,0.014,0.161,6.383
2019-03-01 11:00,2019-03-01 12:00,0.539,0.021,0.183,6.495
2019-03-01 12:00,2019-03-01 13:00,0.562,0.027,0.185,6.515
2019-03-01 13:00,2019-03-01 14:00,0.396,0.015,0.138,6.142
2019-03-01 14:00,2019-03-01 15:00,0.177,0.004,0.072,5.547
2019-03-01 15:00,2019-03-01 16:00,0.052,0.001,0.029,5.104
2019-03-01 16:00,2019-03-01 17:00,0,0,0.004,4.726
2019-03-01 17:00,2019-03-01 18:00,0,0,0,4.504
2019-03-01 18:00,2019-03-01 19:00,0,0,0,4.331
2019-03-01 19:00,2019-03-01 20:00,0,0,0,4.219
2019-03-01 20:00,2019-03-01 21:00,0,0,0,4.105
2019-03-01 21:00,2019-03-01 22:00,0,0,0,4.005
2019-03-01 22:00,2019-03-01 23:00,0,0,0,3.911
2019-03-01 23:00,2019-03-02 00:00,0,0,0,3.852
2019-03-02 00:00,2019-03-02 01:00,0,0,0,3.793
2019-03-02 01:00,2019-03-02 02:00,0,0,0,3.668
2019-03-02 02:00,2019-03-02 03:00,0,0,0,3.493
2019-03-02 03:00,2019-03-02 04:00,0,0,0,3.323
2019-03-02 04:00,2019-03-02 05:00,0,0,0,3.111
2019-03-02 05:00,2019-03-02 06:00,0,0,0,2.925
2019-03-02 06:00,2019-03-02 07:00,0.033,0,0.021,2.967
2019-03-02 07:00,2019-03-02 08:00,0.199,0.007,0.077,3.458
2019-03-02 08:00,2019-03-02 09:00,0.523,0.044,0.153,4.501
2019-03-02 09:00,2019-03-02 10:00,1.107,0.222,0.187,5.809
2019-03-02 10:00,2019-03-02 11:00,1.477,0.379,0.177,6.861
2019-03-02 11:00,2019-03-02 12:00,1.391,0.326,0.197,7.379
2019-03-02 12:00,2019-03-02 13:00,1.257,0.274,0.197,7.683
2019-03-02 13:00,2019-03-02 14:00,1.028,0.206,0.177,7.752
2019-03-02 14:00,2019-03-02 15:00,0.658,0.111,0.136,7.528
2019-03-02 15:00,2019-03-02 16:00,0.343,0.057,0.079,6.874
2019-03-02 16:00,2019-03-02 17:00,0.035,0.010,0.014,4.549
2019-03-02 17:00,2019-03-02 18:00,0,0,0,3.390
2019-03-02 18:00,2019-03-02 19:00,0,0,0,3.223
2019-03-02 19:00,2019-03-02 20:00,0,0,0,3.126
2019-03-02 20:00,2019-03-02 21:00,0,0,0,3.007
2019-03-02 21:00,2019-03-02 22:00,0,0,0,2.728
2019-03-02 22:00,2019-03-02 23:00,0,0,0,3.122
2019-03-02 23:00,2019-03-03 00:00,0,0,0,3.566
2019-03-03 00:00,2019-03-03 01:00,0,0,0,3.869
2019-03-03 01:00,2019-03-03 02:00,0,0,0,3.948
2019-03-03 02:00,2019-03-03 03:00,0,0,0,3.843
2019-03-03 03:00,2019-03-03 04:00,0,0,0,3.608
2019-03-03 04:00,2019-03-03 05:00,0,0,0,3.247
2019-03-03 05:00,2019-03-03 06:00,0,0,0.001,2.670
2019-03-03 06:00,2019-03-03 07:00,0.103,0.006,0.044,3.597
2019-03-03 07:00,2019-03-03 08:00,0.529,0.102,0.097,5.199
2019-03-03 08:00,2019-03-03 09:00,1.196,0.358,0.088,7.482
2019-03-03 09:00,2019-03-03 10:00,1.558,0.499,0.098,9.247
2019-03-03 10:00,2019-03-03 11:00,1.744,0.566,0.115,10.214
2019-03-03 11:00,2019-03-03 12:00,1.600,0.470,0.150,10.683
2019-03-03 12:00,2019-03-03 13:00,1.525,0.440,0.149,10.942
2019-03-03 13:00,2019-03-03 14:00,1.410,0.413,0.129,11.046
2019-03-03 14:00,2019-03-03 15:00,0.863,0.203,0.123,10.626
2019-03-03 15:00,2019-03-03 16:00,0.301,0.047,0.075,9.382
2019-03-03 16:00,2019-03-03 17:00,0.014,0.003,0.010,7.174
2019-03-03 17:00,2019-03-03 18:00,0,0,0,6.320
2019-03-03 18:00,2019-03-03 19:00,0,0,0,5.835
2019-03-03 19:00,2019-03-03 20:00,0,0,0,4.928
2019-03-03 20:00,2019-03-03 21:00,0,0,0,4.080
2019-03-03 21:00,2019-03-03 22:00,0,0,0,3.499
2019-03-03 22:00,2019-03-03 23:00,0,0,0,3.488
2019-03-03 23:00,2019-03-04 00:00,0,0,0,3.605
2019-03-04 00:00,2019-03-04 01:00,0,0,0,3.375
2019-03-04 01:00,2019-03-04 02:00,0,0,0,3.255
2019-03-04 02:00,2019-03-04 03:00,0,0,0,3.012
2019-03-04 03:00,2019-03-04 04:00,0,0,0,2.698
2019-03-04 04:00,2019-03-04 05:00,0,0,0,2.443
2019-03-04 05:00,2019-03-04 06:00,0,0,0.002,3.074
2019-03-04 06:00,2019-03-04 07:00,0.120,0.007,0.049,4.103
2019-03-04 07:00,2019-03-04 08:00,0.548,0.104,0.102,5.814
2019-03-04 08:00,2019-03-04 09:00,1.100,0.301,0.111,8.450
2019-03-04 09:00,2019-03-04 10:00,1.492,0.459,0.117,11.160
2019-03-04 10:00,2019-03-04 11:00,1.737,0.560,0.125,11.956
2019-03-04 11:00,2019-03-04 12:00,1.567,0.435,0.173,11.085
2019-03-04 12:00,2019-03-04 13:00,0.950,0.144,0.212,9.269
2019-03-04 13:00,2019-03-04 14:00,0.516,0.039,0.158,7.663
2019-03-04 14:00,2019-03-04 15:00,0.273,0.014,0.097,6.811
2019-03-04 15:00,2019-03-04 16:00,0.156,0.011,0.058,6.654
2019-03-04 16:00,2019-03-04 17:00,0.021,0.004,0.013,6.525
2019-03-04 17:00,2019-03-04 18:00,0,0,0,6.109
2019-03-04 18:00,2019-03-04 19:00,0,0,0,5.357
2019-03-04 19:00,2019-03-04 20:00,0,0,0,4.525
2019-03-04 20:00,2019-03-04 21:00,0,0,0,3.837
2019-03-04 21:00,2019-03-04 22:00,0,0,0,3.265
2019-03-04 22:00,2019-03-04 23:00,0,0,0,3.075
2019-03-04 23:00,2019-03-05 00:00,0,0,0,3.037
2019-03-05 00:00,2019-03-05 01:00,0,0,0,2.892
2019-03-05 01:00,2019-03-05 02:00,0,0,0,2.541
2019-03-05 02:00,2019-03-05 03:00,0,0,0,2.173
2019-03-05 03:00,2019-03-05 04:00,0,0,0,1.992
2019-03-05 04:00,2019-03-05 05:00,0,0,0,1.931
2019-03-05 05:00,2019-03-05 06:00,0,0,0.002,2.042
2019-03-05 06:00,2019-03-05 07:00,0.122,0.005,0.050,2.585
2019-03-05 07:00,2019-03-05 08:00,0.406,0.042,0.113,3.734
2019-03-05 08:00,2019-03-05 09:00,0.878,0.170,0.153,4.907
2019-03-05 09:00,2019-03-05 10:00,1.504,0.433,0.132,6.053
2019-03-05 10:00,2019-03-05 11:00,1.649,0.475,0.152,6.857
2019-03-05 11:00,2019-03-05 12:00,1.488,0.369,0.193,7.290
2019-03-05 12:00,2019-03-05 13:00,1.146,0.215,0.212,7.412
2019-03-05 13:00,2019-03-05 14:00,0.810,0.111,0.190,7.251
2019-03-05 14:00,2019-03-05 15:00,0.322,0.019,0.109,6.493
2019-03-05 15:00,2019-03-05 16:00,0.094,0.004,0.042,5.539
2019-03-05 16:00,2019-03-05 17:00,0.006,0.001,0.008,4.775
2019-03-05 17:00,2019-03-05 18:00,0,0,0,4.225
2019-03-05 18:00,2019-03-05 19:00,0,0,0,3.858
2019-03-05 19:00,2019-03-05 20:00,0,0,0,3.717
2019-03-05 20:00,2019-03-05 21:00,0,0,0,3.711
2019-03-05 21:00,2019-03-05 22:00,0,0,0,3.638
2019-03-05 22:00,2019-03-05 23:00,0,0,0,3.234
2019-03-05 23:00,2019-03-06 00:00,0,0,0,2.477
2019-03-06 00:00,2019-03-06 01:00,0,0,0,2.124
2019-03-06 01:00,2019-03-06 02:00,0,0,0,2.408
2019-03-06 02:00,2019-03-06 03:00,0,0,0,2.246
2019-03-06 03:00,2019-03-06 04:00,0,0,0,1.347
2019-03-06 04:00,2019-03-06 05:00,0,0,0,0.574
2019-03-06 05:00,2019-03-06 06:00,0,0,0.003,0.617
2019-03-06 06:00,2019-03-06 07:00,0.128,0.007,0.051,2.175
2019-03-06 07:00,2019-03-06 08:00,0.607,0.127,0.098,4.094
2019-03-06 08:00,2019-03-06 09:00,1.171,0.331,0.103,6.326
2019-03-06 09:00,2019-03-06 10:00,1.436,0.416,0.130,8.939
2019-03-06 10:00,2019-03-06 11:00,1.613,0.478,0.148,10.770
2019-03-06 11:00,2019-03-06 12:00,1.477,0.390,0.182,11.728
2019-03-06 12:00,2019-03-06 13:00,1.296,0.304,0.193,12.170
2019-03-06 13:00,2019-03-06 14:00,0.857,0.142,0.184,11.984
2019-03-06 14:00,2019-03-06 15:00,0.473,0.053,0.132,11.094
2019-03-06 15:00,2019-03-06 16:00,0.223,0.022,0.072,9.532
2019-03-06 16:00,2019-03-06 17:00,0.039,0.008,0.017,7.292
2019-03-06 17:00,2019-03-06 18:00,0,0,0,5.628
2019-03-06 18:00,2019-03-06 19:00,0,0,0,5.047
2019-03-06 19:00,2019-03-06 20:00,0,0,0,4.989
2019-03-06 20:00,2019-03-06 21:00,0,0,0,4.783
2019-03-06 21:00,2019-03-06 22:00,0,0,0,5.058
2019-03-06 22:00,2019-03-06 23:00,0,0,0,5.473
2019-03-06 23:00,2019-03-07 00:00,0,0,0,5.282
2019-03-07 00:00,2019-03-07 01:00,0,0,0,4.644
2019-03-07 01:00,2019-03-07 02:00,0,0,0,4.473
2019-03-07 02:00,2019-03-07 03:00,0,0,0,4.102
2019-03-07 03:00,2019-03-07 04:00,0,0,0,4.213
2019-03-07 04:00,2019-03-07 05:00,0,0,0,4.620
2019-03-07 05:00,2019-03-07 06:00,0,0,0.002,4.844
2019-03-07 06:00,2019-03-07 07:00,0.131,0.006,0.054,6.315
2019-03-07 07:00,2019-03-07 08:00,0.497,0.071,0.119,8.697
2019-03-07 08:00,2019-03-07 09:00,0.982,0.225,0.145,10.570
2019-03-07 09:00,2019-03-07 10:00,1.370,0.364,0.161,10.976
2019-03-07 10:00,2019-03-07 11:00,1.182,0.219,0.228,9.820
2019-03-07 11:00,2019-03-07 12:00,0.746,0.060,0.219,8.271
2019-03-07 12:00,2019-03-07 13:00,0.557,0.030,0.181,7.100
2019-03-07 13:00,2019-03-07 14:00,0.444,0.022,0.148,6.428
2019-03-07 14:00,2019-03-07 15:00,0.317,0.016,0.109,6.229
2019-03-07 15:00,2019-03-07 16:00,0.199,0.014,0.070,6.305
2019-03-07 16:00,2019-03-07 17:00,0.035,0.005,0.018,5.832
2019-03-07 17:00,2019-03-07 18:00,0,0,0,4.864
2019-03-07 18:00,2019-03-07 19:00,0,0,0,4.303
2019-03-07 19:00,2019-03-07 20:00,0,0,0,3.720
2019-03-07 20:00,2019-03-07 21:00,0,0,0,3.428
2019-03-07 21:00,2019-03-07 22:00,0,0,0,3.321
2019-03-07 22:00,2019-03-07 23:00,0,0,0,3.272
2019-03-07 23:00,2019-03-08 00:00,0,0,0,3.187
2019-03-08 00:00,2019-03-08 01:00,0,0,0,3.061
2019-03-08 01:00,2019-03-08 02:00,0,0,0,2.903
2019-03-08 02:00,2019-03-08 03:00,0,0,0,2.702
2019-03-08 03:00,2019-03-08 04:00,0,0,0,2.684
2019-03-08 04:00,2019-03-08 05:00,0,0,0,2.699
2019-03-08 05:00,2019-03-08 06:00,0,0,0.004,2.786
2019-03-08 06:00,2019-03-08 07:00,0.182,0.023,0.055,3.797
2019-03-08 07:00,2019-03-08 08:00,0.624,0.136,0.096,5.406
2019-03-08 08:00,2019-03-08 09:00,1.061,0.272,0.121,6.752
2019-03-08 09:00,2019-03-08 10:00,1.465,0.425,0.129,7.817
2019-03-08 10:00,2019-03-08 11:00,1.649,0.488,0.145,8.438
2019-03-08 11:00,2019-03-08 12:00,1.565,0.422,0.177,8.653
2019-03-08 12:00,2019-03-08 13:00,1.109,0.207,0.208,8.377
2019-03-08 13:00,2019-03-08 14:00,0.798,0.115,0.183,7.993
2019-03-08 14:00,2019-03-08 15:00,0.651,0.103,0.141,7.648
2019-03-08 15:00,2019-03-08 16:00,0.515,0.109,0.087,7.105
2019-03-08 16:00,2019-03-08 17:00,0.114,0.030,0.023,5.210
2019-03-08 17:00,2019-03-08 18:00,0,0,0,3.219
2019-03-08 18:00,2019-03-08 19:00,0,0,0,2.678
2019-03-08 19:00,2019-03-08 20:00,0,0,0,2.169
2019-03-08 20:00,2019-03-08 21:00,0,0,0,1.678
2019-03-08 21:00,2019-03-08 22:00,0,0,0,1.833
2019-03-08 22:00,2019-03-08 23:00,0,0,0,2.078
2019-03-08 23:00,2019-03-09 00:00,0,0,0,2.430
2019-03-09 00:00,2019-03-09 01:00,0,0,0,2.744
2019-03-09 01:00,2019-03-09 02:00,0,0,0,2.954
2019-03-09 02:00,2019-03-09 03:00,0,0,0,3.160
2019-03-09 03:00,2019-03-09 04:00,0,0,0,3.453
2019-03-09 04:00,2019-03-09 05:00,0,0,0,3.555
2019-03-09 05:00,2019-03-09 06:00,0,0,0.004,3.942
2019-03-09 06:00,2019-03-09 07:00,0.086,0.001,0.042,4.674
2019-03-09 07:00,2019-03-09 08:00,0.252,0.008,0.095,5.621
2019-03-09 08:00,2019-03-09 09:00,0.602,0.047,0.179,6.771
2019-03-09 09:00,2019-03-09 10:00,0.813,0.080,0.223,7.831
2019-03-09 10:00,2019-03-09 11:00,0.844,0.075,0.240,8.512
2019-03-09 11:00,2019-03-09 12:00,0.754,0.053,0.230,8.818
2019-03-09 12:00,2019-03-09 13:00,0.593,0.031,0.194,8.842
2019-03-09 13:00,2019-03-09 14:00,0.520,0.029,0.170,8.893
2019-03-09 14:00,2019-03-09 15:00,0.413,0.026,0.135,8.860
2019-03-09 15:00,2019-03-09 16:00,0.137,0.006,0.057,8.430
2019-03-09 16:00,2019-03-09 17:00,0.009,0.001,0.010,7.985
2019-03-09 17:00,2019-03-09 18:00,0,0,0,7.731
2019-03-09 18:00,2019-03-09 19:00,0,0,0,7.670
2019-03-09 19:00,2019-03-09 20:00,0,0,0,7.662
2019-03-09 20:00,2019-03-09 21:00,0,0,0,7.633
2019-03-09 21:00,2019-03-09 22:00,0,0,0,7.633
2019-03-09 22:00,2019-03-09 23:00,0,0,0,7.621
2019-03-09 23:00,2019-03-10 00:00,0,0,0,7.560
2019-03-10 00:00,2019-03-10 01:00,0,0,0,7.371
2019-03-10 01:00,2019-03-10 02:00,0,0,0,7.052
2019-03-10 02:00,2019-03-10 03:00,0,0,0,6.599
2019-03-10 03:00,2019-03-10 04:00,0,0,0,5.632
2019-03-10 04:00,2019-03-10 05:00,0,0,0,5.338
2019-03-10 05:00,2019-03-10 06:00,0,0,0.001,5.425
2019-03-10 06:00,2019-03-10 07:00,0.013,0,0.013,6.024
2019-03-10 07:00,2019-03-10 08:00,0.063,0.001,0.034,7.403
2019-03-10 08:00,2019-03-10 09:00,0.271,0.005,0.106,9.227
2019-03-10 09:00,2019-03-10 10:00,0.289,0.005,0.113,9.696
2019-03-10 10:00,2019-03-10 11:00,0.330,0.007,0.126,9.939
2019-03-10 11:00,2019-03-10 12:00,0.764,0.055,0.236,11.114
2019-03-10 12:00,2019-03-10 13:00,1.153,0.196,0.244,12.149
2019-03-10 13:00,2019-03-10 14:00,0.996,0.173,0.206,12.215
2019-03-10 14:00,2019-03-10 15:00,0.868,0.172,0.158,11.895
2019-03-10 15:00,2019-03-10 16:00,0.470,0.082,0.102,11.199
2019-03-10 16:00,2019-03-10 17:00,0.057,0.009,0.024,10.061
2019-03-10 17:00,2019-03-10 18:00,0,0,0,8.756
2019-03-10 18:00,2019-03-10 19:00,0,0,0,7.619
2019-03-10 19:00,2019-03-10 20:00,0,0,0,6.739
2019-03-10 20:00,2019-03-10 21:00,0,0,0,5.948
2019-03-10 21:00,2019-03-10 22:00,0,0,0,4.925
2019-03-10 22:00,2019-03-10 23:00,0,0,0,3.749
2019-03-10 23:00,2019-03-11 00:00,0,0,0,2.736
2019-03-11 00:00,2019-03-11 01:00,0,0,0,1.893
2019-03-11 01:00,2019-03-11 02:00,0,0,0,1.211
2019-03-11 02:00,2019-03-11 03:00,0,0,0,0.754
2019-03-11 03:00,2019-03-11 04:00,0,0,0,0.586
2019-03-11 04:00,2019-03-11 05:00,0,0,0,0.678
2019-03-11 05:00,2019-03-11 06:00,0.003,0,0.007,1.024
2019-03-11 06:00,2019-03-11 07:00,0.205,0.014,0.071,1.938
2019-03-11 07:00,2019-03-11 08:00,0.281,0.010,0.102,2.537
2019-03-11 08:00,2019-03-11 09:00,0.294,0.007,0.109,2.523
2019-03-11 09:00,2019-03-11 10:00,0.452,0.014,0.156,2.590
2019-03-11 10:00,2019-03-11 11:00,0.713,0.039,0.221,2.769
2019-03-11 11:00,2019-03-11 12:00,0.716,0.042,0.220,2.879
2019-03-11 12:00,2019-03-11 13:00,0.808,0.066,0.229,3.122
2019-03-11 13:00,2019-03-11 14:00,0.756,0.071,0.205,3.058
2019-03-11 14:00,2019-03-11 15:00,0.425,0.026,0.135,2.428
2019-03-11 15:00,2019-03-11 16:00,0.170,0.008,0.065,1.626
2019-03-11 16:00,2019-03-11 17:00,0.033,0.003,0.019,0.967
2019-03-11 17:00,2019-03-11 18:00,0,0,0,0.463
2019-03-11 18:00,2019-03-11 19:00,0,0,0,0.207
2019-03-11 19:00,2019-03-11 20:00,0,0,0,-0.051
2019-03-11 20:00,2019-03-11 21:00,0,0,0,-0.166
2019-03-11 21:00,2019-03-11 22:00,0,0,0,-0.050
2019-03-11 22:00,2019-03-11 23:00,0,0,0,0.143
2019-03-11 23:00,2019-03-12 00:00,0,0,0,0.171
2019-03-12 00:00,2019-03-12 01:00,0,0,0,0.128
2019-03-12 01:00,2019-03-12 02:00,0,0,0,-0.018
2019-03-12 02:00,2019-03-12 03:00,0,0,0,-0.242
2019-03-12 03:00,2019-03-12 04:00,0,0,0,-0.447
2019-03-12 04:00,2019-03-12 05:00,0,0,0,-0.679
2019-03-12 05:00,2019-03-12 06:00,0,0,0.005,-0.871
2019-03-12 06:00,2019-03-12 07:00,0.153,0.007,0.059,-0.298
2019-03-12 07:00,2019-03-12 08:00,0.524,0.076,0.118,1.156
2019-03-12 08:00,2019-03-12 09:00,1.138,0.295,0.119,2.907
2019-03-12 09:00,2019-03-12 10:00,1.652,0.515,0.105,4.185
2019-03-12 10:00,2019-03-12 11:00,1.961,0.657,0.099,5.198
2019-03-12 11:00,2019-03-12 12:00,2.106,0.733,0.093,6.126
2019-03-12 12:00,2019-03-12 13:00,2.131,0.761,0.082,6.895
2019-03-12 13:00,2019-03-12 14:00,1.971,0.699,0.072,7.367
2019-03-12 14:00,2019-03-12 15:00,1.614,0.552,0.063,7.417
2019-03-12 15:00,2019-03-12 16:00,0.999,0.312,0.059,6.936
2019-03-12 16:00,2019-03-12 17:00,0.145,0.034,0.031,4.196
2019-03-12 17:00,2019-03-12 18:00,0,0,0,2.349
2019-03-12 18:00,2019-03-12 19:00,0,0,0,2.073
2019-03-12 19:00,2019-03-12 20:00,0,0,0,2.098
2019-03-12 20:00,2019-03-12 21:00,0,0,0,2.435
2019-03-12 21:00,2019-03-12 22:00,0,0,0,2.655
2019-03-12 22:00,2019-03-12 23:00,0,0,0,3.049
2019-03-12 23:00,2019-03-13 00:00,0,0,0,3.694
2019-03-13 00:00,2019-03-13 01:00,0,0,0,4.230
2019-03-13 01:00,2019-03-13 02:00,0,0,0,4.102
2019-03-13 02:00,2019-03-13 03:00,0,0,0,3.649
2019-03-13 03:00,2019-03-13 04:00,0,0,0,3.389
2019-03-13 04:00,2019-03-13 05:00,0,0,0,2.910
2019-03-13 05:00,2019-03-13 06:00,0.004,0,0.008,2.298
2019-03-13 06:00,2019-03-13 07:00,0.222,0.026,0.066,2.537
2019-03-13 07:00,2019-03-13 08:00,0.768,0.194,0.087,3.709
2019-03-13 08:00,2019-03-13 09:00,1.296,0.379,0.100,4.866
2019-03-13 09:00,2019-03-13 10:00,1.447,0.388,0.152,5.508
2019-03-13 10:00,2019-03-13 11:00,1.421,0.329,0.202,5.866
2019-03-13 11:00,2019-03-13 12:00,1.433,0.322,0.215,6.188
2019-03-13 12:00,2019-03-13 13:00,1.362,0.296,0.212,6.338
2019-03-13 13:00,2019-03-13 14:00,0.879,0.126,0.199,5.922
2019-03-13 14:00,2019-03-13 15:00,0.554,0.060,0.148,5.345
2019-03-13 15:00,2019-03-13 16:00,0.319,0.034,0.092,4.727
2019-03-13 16:00,2019-03-13 17:00,0.064,0.008,0.027,3.847
2019-03-13 17:00,2019-03-13 18:00,0,0,0,2.968
2019-03-13 18:00,2019-03-13 19:00,0,0,0,2.439
2019-03-13 19:00,2019-03-13 20:00,0,0,0,2.218
2019-03-13 20:00,2019-03-13 21:00,0,0,0,2.241
2019-03-13 21:00,2019-03-13 22:00,0,0,0,2.309
2019-03-13 22:00,2019-03-13 23:00,0,0,0,2.174
2019-03-13 23:00,2019-03-14 00:00,0,0,0,2.008
2019-03-14 00:00,2019-03-14 01:00,0,0,0,1.718
2019-03-14 01:00,2019-03-14 02:00,0,0,0,1.531
2019-03-14 02:00,2019-03-14 03:00,0,0,0,1.626
2019-03-14 03:00,2019-03-14 04:00,0,0,0,1.631
2019-03-14 04:00,2019-03-14 05:00,0,0,0,1.612
2019-03-14 05:00,2019-03-14 06:00,0,0,0.004,1.581
2019-03-14 06:00,2019-03-14 07:00,0.090,0.001,0.043,1.911
2019-03-14 07:00,2019-03-14 08:00,0.291,0.008,0.107,2.624
2019-03-14 08:00,2019-03-14 09:00,0.534,0.025,0.174,3.505
2019-03-14 09:00,2019-03-14 10:00,0.829,0.065,0.239,4.345
2019-03-14 10:00,2019-03-14 11:00,0.817,0.052,0.248,4.660
2019-03-14 11:00,2019-03-14 12:00,0.539,0.016,0.186,4.408
2019-03-14 12:00,2019-03-14 13:00,0.349,0.006,0.129,4.003
2019-03-14 13:00,2019-03-14 14:00,0.254,0.004,0.099,3.699
2019-03-14 14:00,2019-03-14 15:00,0.152,0.002,0.065,3.343
2019-03-14 15:00,2019-03-14 16:00,0.123,0.003,0.053,3.111
2019-03-14 16:00,2019-03-14 17:00,0.026,0.001,0.018,2.687
2019-03-14 17:00,2019-03-14 18:00,0,0,0,2.441
2019-03-14 18:00,2019-03-14 19:00,0,0,0,2.405
2019-03-14 19:00,2019-03-14 20:00,0,0,0,2.487
2019-03-14 20:00,2019-03-14 21:00,0,0,0,2.344
2019-03-14 21:00,2019-03-14 22:00,0,0,0,2.192
2019-03-14 22:00,2019-03-14 23:00,0,0,0,2.333
2019-03-14 23:00,2019-03-15 00:00,0,0,0,2.499
2019-03-15 00:00,2019-03-15 01:00,0,0,0,2.518
2019-03-15 01:00,2019-03-15 02:00,0,0,0,2.461
2019-03-15 02:00,2019-03-15 03:00,0,0,0,2.469
2019-03-15 03:00,2019-03-15 04:00,0,0,0,2.526
2019-03-15 04:00,2019-03-15 05:00,0,0,0,2.669
2019-03-15 05:00,2019-03-15 06:00,0,0,0.005,2.866
2019-03-15 06:00,2019-03-15 07:00,0.048,0,0.028,3.260
2019-03-15 07:00,2019-03-15 08:00,0.143,0.001,0.062,3.589
2019-03-15 08:00,2019-03-15 09:00,0.281,0.004,0.108,3.891
2019-03-15 09:00,2019-03-15 10:00,0.402,0.007,0.147,4.256
2019-03-15 10:00,2019-03-15 11:00,0.375,0.006,0.140,4.511
2019-03-15 11:00,2019-03-15 12:00,0.318,0.004,0.122,4.987
2019-03-15 12:00,2019-03-15 13:00,0.268,0.003,0.106,5.689
2019-03-15 13:00,2019-03-15 14:00,0.205,0.002,0.084,6.343
2019-03-15 14:00,2019-03-15 15:00,0.165,0.002,0.070,6.689
2019-03-15 15:00,2019-03-15 16:00,0.071,0.001,0.037,6.812
2019-03-15 16:00,2019-03-15 17:00,0.004,0,0.008,6.906
2019-03-15 17:00,2019-03-15 18:00,0,0,0,7.029
2019-03-15 18:00,2019-03-15 19:00,0,0,0,7.137
2019-03-15 19:00,2019-03-15 20:00,0,0,0,7.274
2019-03-15 20:00,2019-03-15 21:00,0,0,0,7.392
2019-03-15 21:00,2019-03-15 22:00,0,0,0,7.444
2019-03-15 22:00,2019-03-15 23:00,0,0,0,7.467
2019-03-15 23:00,2019-03-16 00:00,0,0,0,7.427
2019-03-16 00:00,2019-03-16 01:00,0,0,0,7.344
2019-03-16 01:00,2019-03-16 02:00,0,0,0,7.269
2019-03-16 02:00,2019-03-16 03:00,0,0,0,7.202
2019-03-16 03:00,2019-03-16 04:00,0,0,0,7.137
2019-03-16 04:00,2019-03-16 05:00,0,0,0,7.066
2019-03-16 05:00,2019-03-16 06:00,0,0,0.005,6.968
2019-03-16 06:00,2019-03-16 07:00,0.086,0.001,0.042,7.051
2019-03-16 07:00,2019-03-16 08:00,0.240,0.007,0.093,7.417
2019-03-16 08:00,2019-03-16 09:00,0.421,0.018,0.146,8.000
2019-03-16 09:00,2019-03-16 10:00,0.761,0.071,0.215,8.962
2019-03-16 10:00,2019-03-16 11:00,1.491,0.366,0.208,10.371
2019-03-16 11:00,2019-03-16 12:00,1.709,0.492,0.178,11.259
2019-03-16 12:00,2019-03-16 13:00,1.661,0.481,0.169,11.652
2019-03-16 13:00,2019-03-16 14:00,1.531,0.448,0.147,11.889
2019-03-16 14:00,2019-03-16 15:00,1.305,0.387,0.114,11.943
2019-03-16 15:00,2019-03-16 16:00,0.837,0.231,0.087,11.485
2019-03-16 16:00,2019-03-16 17:00,0.209,0.048,0.041,9.792
2019-03-16 17:00,2019-03-16 18:00,0,0,0,7.733
2019-03-16 18:00,2019-03-16 19:00,0,0,0,7.142
2019-03-16 19:00,2019-03-16 20:00,0,0,0,6.293
2019-03-16 20:00,2019-03-16 21:00,0,0,0,5.408
2019-03-16 21:00,2019-03-16 22:00,0,0,0,4.739
2019-03-16 22:00,2019-03-16 23:00,0,0,0,4.152
2019-03-16 23:00,2019-03-17 00:00,0,0,0,3.611
2019-03-17 00:00,2019-03-17 01:00,0,0,0,3.206
2019-03-17 01:00,2019-03-17 02:00,0,0,0,2.775
2019-03-17 02:00,2019-03-17 03:00,0,0,0,2.567
2019-03-17 03:00,2019-03-17 04:00,0,0,0,2.353
2019-03-17 04:00,2019-03-17 05:00,0,0,0,1.858
2019-03-17 05:00,2019-03-17 06:00,0.012,0,0.012,1.866
2019-03-17 06:00,2019-03-17 07:00,0.270,0.059,0.050,5.049
2019-03-17 07:00,2019-03-17 08:00,0.876,0.269,0.059,8.547
2019-03-17 08:00,2019-03-17 09:00,1.414,0.478,0.066,11.410
2019-03-17 09:00,2019-03-17 10:00,1.791,0.645,0.074,14.134
2019-03-17 10:00,2019-03-17 11:00,2.018,0.755,0.079,15.746
2019-03-17 11:00,2019-03-17 12:00,2.107,0.800,0.083,16.512
2019-03-17 12:00,2019-03-17 13:00,1.965,0.714,0.098,16.359
2019-03-17 13:00,2019-03-17 14:00,1.598,0.517,0.120,15.506
2019-03-17 14:00,2019-03-17 15:00,1.059,0.275,0.133,14.099
2019-03-17 15:00,2019-03-17 16:00,0.437,0.070,0.102,11.998
2019-03-17 16:00,2019-03-17 17:00,0.049,0.005,0.025,9.468
2019-03-17 17:00,2019-03-17 18:00,0,0,0,6.921
2019-03-17 18:00,2019-03-17 19:00,0,0,0,4.927
2019-03-17 19:00,2019-03-17 20:00,0,0,0,3.945
2019-03-17 20:00,2019-03-17 21:00,0,0,0,3.332
2019-03-17 21:00,2019-03-17 22:00,0,0,0,2.868
2019-03-17 22:00,2019-03-17 23:00,0,0,0,2.495
2019-03-17 23:00,2019-03-18 00:00,0,0,0,2.156
2019-03-18 00:00,2019-03-18 01:00,0,0,0,1.853
2019-03-18 01:00,2019-03-18 02:00,0,0,0,1.610
2019-03-18 02:00,2019-03-18 03:00,0,0,0,1.460
2019-03-18 03:00,2019-03-18 04:00,0,0,0,1.341
2019-03-18 04:00,2019-03-18 05:00,0,0,0,1.246
2019-03-18 05:00,2019-03-18 06:00,0.004,0,0.008,1.129
2019-03-18 06:00,2019-03-18 07:00,0.162,0.005,0.065,1.668
2019-03-18 07:00,2019-03-18 08:00,0.636,0.100,0.134,2.771
2019-03-18 08:00,2019-03-18 09:00,1.109,0.252,0.154,3.944
2019-03-18 09:00,2019-03-18 10:00,1.317,0.295,0.192,4.684
2019-03-18 10:00,2019-03-18 11:00,1.373,0.284,0.225,5.058
2019-03-18 11:00,2019-03-18 12:00,1.345,0.260,0.239,5.270
2019-03-18 12:00,2019-03-18 13:00,1.305,0.257,0.227,5.408
2019-03-18 13:00,2019-03-18 14:00,1.226,0.258,0.196,5.445
2019-03-18 14:00,2019-03-18 15:00,1.032,0.226,0.153,5.294
2019-03-18 15:00,2019-03-18 16:00,0.643,0.132,0.107,4.822
2019-03-18 16:00,2019-03-18 17:00,0.165,0.028,0.043,3.526
2019-03-18 17:00,2019-03-18 18:00,0,0,0,1.486
2019-03-18 18:00,2019-03-18 19:00,0,0,0,0.989
2019-03-18 19:00,2019-03-18 20:00,0,0,0,0.407
2019-03-18 20:00,2019-03-18 21:00,0,0,0,-0.206
2019-03-18 21:00,2019-03-18 22:00,0,0,0,-0.787
2019-03-18 22:00,2019-03-18 23:00,0,0,0,-1.201
2019-03-18 23:00,2019-03-19 00:00,0,0,0,-1.590
2019-03-19 00:00,2019-03-19 01:00,0,0,0,-1.833
2019-03-19 01:00,2019-03-19 02:00,0,0,0,-1.950
2019-03-19 02:00,2019-03-19 03:00,0,0,0,-2.026
2019-03-19 03:00,2019-03-19 04:00,0,0,0,-1.893
2019-03-19 04:00,2019-03-19 05:00,0,0,0,-1.880
2019-03-19 05:00,2019-03-19 06:00,0.015,0,0.013,-1.623
2019-03-19 06:00,2019-03-19 07:00,0.225,0.014,0.077,-0.144
2019-03-19 07:00,2019-03-19 08:00,0.620,0.096,0.131,1.927
2019-03-19 08:00,2019-03-19 09:00,1.114,0.259,0.149,3.974
2019-03-19 09:00,2019-03-19 10:00,1.381,0.339,0.174,5.081
2019-03-19 10:00,2019-03-19 11:00,1.601,0.420,0.183,5.782
2019-03-19 11:00,2019-03-19 12:00,1.711,0.471,0.180,6.262
2019-03-19 12:00,2019-03-19 13:00,1.728,0.494,0.166,6.528
2019-03-19 13:00,2019-03-19 14:00,1.446,0.379,0.164,6.402
2019-03-19 14:00,2019-03-19 15:00,1.142,0.284,0.139,6.089
2019-03-19 15:00,2019-03-19 16:00,0.695,0.155,0.103,5.541
2019-03-19 16:00,2019-03-19 17:00,0.198,0.038,0.045,4.072
2019-03-19 17:00,2019-03-19 18:00,0,0,0.001,2.187
2019-03-19 18:00,2019-03-19 19:00,0,0,0,1.587
2019-03-19 19:00,2019-03-19 20:00,0,0,0,0.942
2019-03-19 20:00,2019-03-19 21:00,0,0,0,0.296
2019-03-19 21:00,2019-03-19 22:00,0,0,0,-0.339
2019-03-19 22:00,2019-03-19 23:00,0,0,0,-0.715
2019-03-19 23:00,2019-03-20 00:00,0,0,0,-0.808
2019-03-20 00:00,2019-03-20 01:00,0,0,0,-0.779
2019-03-20 01:00,2019-03-20 02:00,0,0,0,-0.763
2019-03-20 02:00,2019-03-20 03:00,0,0,0,-0.579
2019-03-20 03:00,2019-03-20 04:00,0,0,0,-0.384
2019-03-20 04:00,2019-03-20 05:00,0,0,0,-0.326
2019-03-20 05:00,2019-03-20 06:00,0.016,0,0.014,-0.201
2019-03-20 06:00,2019-03-20 07:00,0.300,0.075,0.043,1.170
2019-03-20 07:00,2019-03-20 08:00,0.938,0.291,0.050,3.297
2019-03-20 08:00,2019-03-20 09:00,1.509,0.508,0.056,5.141
2019-03-20 09:00,2019-03-20 10:00,1.936,0.689,0.060,6.052
2019-03-20 10:00,2019-03-20 11:00,2.203,0.813,0.063,6.793
2019-03-20 11:00,2019-03-20 12:00,2.315,0.870,0.064,7.382
2019-03-20 12:00,2019-03-20 13:00,2.272,0.852,0.063,7.746
2019-03-20 13:00,2019-03-20 14:00,2.078,0.762,0.060,7.796
2019-03-20 14:00,2019-03-20 15:00,1.718,0.604,0.056,7.478
2019-03-20 15:00,2019-03-20 16:00,1.172,0.386,0.050,6.742
2019-03-20 16:00,2019-03-20 17:00,0.445,0.134,0.035,4.597
2019-03-20 17:00,2019-03-20 18:00,0,0.001,0.001,1.809
2019-03-20 18:00,2019-03-20 19:00,0,0,0,0.992
2019-03-20 19:00,2019-03-20 20:00,0,0,0,0.413
2019-03-20 20:00,2019-03-20 21:00,0,0,0,-0.027
2019-03-20 21:00,2019-03-20 22:00,0,0,0,-0.317
2019-03-20 22:00,2019-03-20 23:00,0,0,0,-0.561
2019-03-20 23:00,2019-03-21 00:00,0,0,0,-0.987
2019-03-21 00:00,2019-03-21 01:00,0,0,0,-1.542
2019-03-21 01:00,2019-03-21 02:00,0,0,0,-1.888
2019-03-21 02:00,2019-03-21 03:00,0,0,0,-2.141
2019-03-21 03:00,2019-03-21 04:00,0,0,0,-2.427
2019-03-21 04:00,2019-03-21 05:00,0,0,0,-2.716
2019-03-21 05:00,2019-03-21 06:00,0.017,0,0.014,-2.307
2019-03-21 06:00,2019-03-21 07:00,0.314,0.081,0.041,0.522
2019-03-21 07:00,2019-03-21 08:00,0.959,0.300,0.049,2.833
2019-03-21 08:00,2019-03-21 09:00,1.524,0.515,0.055,5.238
2019-03-21 09:00,2019-03-21 10:00,1.937,0.693,0.060,6.854
2019-03-21 10:00,2019-03-21 11:00,2.194,0.816,0.063,8.142
2019-03-21 11:00,2019-03-21 12:00,2.297,0.871,0.064,9.210
2019-03-21 12:00,2019-03-21 13:00,2.247,0.852,0.064,9.989
2019-03-21 13:00,2019-03-21 14:00,2.049,0.760,0.061,10.391
2019-03-21 14:00,2019-03-21 15:00,1.690,0.600,0.057,10.283
2019-03-21 15:00,2019-03-21 16:00,1.147,0.380,0.052,9.543
2019-03-21 16:00,2019-03-21 17:00,0.444,0.134,0.037,7.004
2019-03-21 17:00,2019-03-21 18:00,0,0.001,0.002,3.805
2019-03-21 18:00,2019-03-21 19:00,0,0,0,2.955
2019-03-21 19:00,2019-03-21 20:00,0,0,0,2.323
2019-03-21 20:00,2019-03-21 21:00,0,0,0,1.873
2019-03-21 21:00,2019-03-21 22:00,0,0,0,1.587
2019-03-21 22:00,2019-03-21 23:00,0,0,0,1.363
2019-03-21 23:00,2019-03-22 00:00,0,0,0,1.230
2019-03-22 00:00,2019-03-22 01:00,0,0,0,1.105
2019-03-22 01:00,2019-03-22 02:00,0,0,0,0.884
2019-03-22 02:00,2019-03-22 03:00,0,0,0,0.622
2019-03-22 03:00,2019-03-22 04:00,0,0,0,0.291
2019-03-22 04:00,2019-03-22 05:00,0,0,0,-0.021
2019-03-22 05:00,2019-03-22 06:00,0.022,0,0.017,0.286
2019-03-22 06:00,2019-03-22 07:00,0.313,0.074,0.049,2.564
2019-03-22 07:00,2019-03-22 08:00,0.929,0.284,0.057,5.152
2019-03-22 08:00,2019-03-22 09:00,1.452,0.483,0.066,7.838
2019-03-22 09:00,2019-03-22 10:00,1.834,0.648,0.074,10.235
2019-03-22 10:00,2019-03-22 11:00,2.068,0.761,0.078,12.066
2019-03-22 11:00,2019-03-22 12:00,2.125,0.788,0.085,13.240
2019-03-22 12:00,2019-03-22 13:00,2.017,0.731,0.093,13.766
2019-03-22 13:00,2019-03-22 14:00,1.782,0.617,0.095,13.733
2019-03-22 14:00,2019-03-22 15:00,1.450,0.479,0.087,13.281
2019-03-22 15:00,2019-03-22 16:00,0.995,0.310,0.070,12.435
2019-03-22 16:00,2019-03-22 17:00,0.395,0.113,0.042,9.956
2019-03-22 17:00,2019-03-22 18:00,0,0.002,0.002,7.522
2019-03-22 18:00,2019-03-22 19:00,0,0,0,6.795
2019-03-22 19:00,2019-03-22 20:00,0,0,0,6.233
2019-03-22 20:00,2019-03-22 21:00,0,0,0,5.734
2019-03-22 21:00,2019-03-22 22:00,0,0,0,5.305
2019-03-22 22:00,2019-03-22 23:00,0,0,0,4.983
2019-03-22 23:00,2019-03-23 00:00,0,0,0,4.846
2019-03-23 00:00,2019-03-23 01:00,0,0,0,4.628
2019-03-23 01:00,2019-03-23 02:00,0,0,0,4.171
2019-03-23 02:00,2019-03-23 03:00,0,0,0,3.575
2019-03-23 03:00,2019-03-23 04:00,0,0,0,2.521
2019-03-23 04:00,2019-03-23 05:00,0,0,0,1.526
2019-03-23 05:00,2019-03-23 06:00,0.026,0,0.019,1.462
2019-03-23 06:00,2019-03-23 07:00,0.308,0.066,0.056,4.651
2019-03-23 07:00,2019-03-23 08:00,0.886,0.266,0.064,7.598
2019-03-23 08:00,2019-03-23 09:00,1.468,0.502,0.062,10.385
2019-03-23 09:00,2019-03-23 10:00,1.859,0.678,0.066,12.820
2019-03-23 10:00,2019-03-23 11:00,2.105,0.800,0.069,14.278
2019-03-23 11:00,2019-03-23 12:00,2.207,0.855,0.070,15.026
2019-03-23 12:00,2019-03-23 13:00,2.163,0.835,0.070,15.407
2019-03-23 13:00,2019-03-23 14:00,1.976,0.745,0.067,15.434
2019-03-23 14:00,2019-03-23 15:00,1.632,0.588,0.063,15.100
2019-03-23 15:00,2019-03-23 16:00,1.115,0.374,0.057,14.401
2019-03-23 16:00,2019-03-23 17:00,0.439,0.132,0.041,12.050
2019-03-23 17:00,2019-03-23 18:00,0,0.002,0.002,9.694
2019-03-23 18:00,2019-03-23 19:00,0,0,0,8.732
2019-03-23 19:00,2019-03-23 20:00,0,0,0,8.343
2019-03-23 20:00,2019-03-23 21:00,0,0,0,8.259
2019-03-23 21:00,2019-03-23 22:00,0,0,0,8.115
2019-03-23 22:00,2019-03-23 23:00,0,0,0,7.723
2019-03-23 23:00,2019-03-24 00:00,0,0,0,7.276
2019-03-24 00:00,2019-03-24 01:00,0,0,0,6.659
2019-03-24 01:00,2019-03-24 02:00,0,0,0,6.093
2019-03-24 02:00,2019-03-24 03:00,0,0,0,5.582
2019-03-24 03:00,2019-03-24 04:00,0,0,0,4.980
2019-03-24 04:00,2019-03-24 05:00,0,0,0,4.685
2019-03-24 05:00,2019-03-24 06:00,0.032,0,0.022,4.730
2019-03-24 06:00,2019-03-24 07:00,0.300,0.047,0.073,5.905
2019-03-24 07:00,2019-03-24 08:00,0.771,0.188,0.100,8.034
2019-03-24 08:00,2019-03-24 09:00,1.262,0.375,0.106,10.829
2019-03-24 09:00,2019-03-24 10:00,1.705,0.575,0.098,12.558
2019-03-24 10:00,2019-03-24 11:00,2.034,0.746,0.088,14.040
2019-03-24 11:00,2019-03-24 12:00,2.126,0.796,0.089,14.992
2019-03-24 12:00,2019-03-24 13:00,2.051,0.755,0.093,15.246
2019-03-24 13:00,2019-03-24 14:00,1.802,0.630,0.098,15.116
2019-03-24 14:00,2019-03-24 15:00,1.405,0.453,0.098,14.674
2019-03-24 15:00,2019-03-24 16:00,0.927,0.272,0.084,13.810
2019-03-24 16:00,2019-03-24 17:00,0.306,0.073,0.052,11.491
2019-03-24 17:00,2019-03-24 18:00,0,0.001,0.003,8.867
2019-03-24 18:00,2019-03-24 19:00,0,0,0,8.221
2019-03-24 19:00,2019-03-24 20:00,0,0,0,7.031
2019-03-24 20:00,2019-03-24 21:00,0,0,0,6.319
2019-03-24 21:00,2019-03-24 22:00,0,0,0,5.921
2019-03-24 22:00,2019-03-24 23:00,0,0,0,5.859
2019-03-24 23:00,2019-03-25 00:00,0,0,0,5.708
2019-03-25 00:00,2019-03-25 01:00,0,0,0,5.349
2019-03-25 01:00,2019-03-25 02:00,0,0,0,5.194
2019-03-25 02:00,2019-03-25 03:00,0,0,0,5.094
2019-03-25 03:00,2019-03-25 04:00,0,0,0,4.922
2019-03-25 04:00,2019-03-25 05:00,0,0,0,4.688
2019-03-25 05:00,2019-03-25 06:00,0.008,0,0.010,4.340
2019-03-25 06:00,2019-03-25 07:00,0.183,0.004,0.074,4.162
2019-03-25 07:00,2019-03-25 08:00,0.539,0.045,0.157,4.588
2019-03-25 08:00,2019-03-25 09:00,0.860,0.110,0.207,5.277
2019-03-25 09:00,2019-03-25 10:00,1.240,0.228,0.232,6.135
2019-03-25 10:00,2019-03-25 11:00,1.391,0.273,0.248,6.629
2019-03-25 11:00,2019-03-25 12:00,1.502,0.317,0.249,6.801
2019-03-25 12:00,2019-03-25 13:00,1.330,0.246,0.251,6.577
2019-03-25 13:00,2019-03-25 14:00,1.000,0.139,0.231,6.105
2019-03-25 14:00,2019-03-25 15:00,0.626,0.059,0.174,5.401
2019-03-25 15:00,2019-03-25 16:00,0.384,0.033,0.115,4.680
2019-03-25 16:00,2019-03-25 17:00,0.127,0.010,0.048,3.688
2019-03-25 17:00,2019-03-25 18:00,0,0,0.002,2.437
2019-03-25 18:00,2019-03-25 19:00,0,0,0,2.151
2019-03-25 19:00,2019-03-25 20:00,0,0,0,1.988
2019-03-25 20:00,2019-03-25 21:00,0,0,0,1.778
2019-03-25 21:00,2019-03-25 22:00,0,0,0,1.548
2019-03-25 22:00,2019-03-25 23:00,0,0,0,1.298
2019-03-25 23:00,2019-03-26 00:00,0,0,0,1.095
2019-03-26 00:00,2019-03-26 01:00,0,0,0,0.950
2019-03-26 01:00,2019-03-26 02:00,0,0,0,0.726
2019-03-26 02:00,2019-03-26 03:00,0,0,0,0.467
2019-03-26 03:00,2019-03-26 04:00,0,0,0,0.274
2019-03-26 04:00,2019-03-26 05:00,0,0,0,0.076
2019-03-26 05:00,2019-03-26 06:00,0.025,0,0.018,0.086
2019-03-26 06:00,2019-03-26 07:00,0.228,0.010,0.083,0.742
2019-03-26 07:00,2019-03-26 08:00,0.644,0.093,0.143,1.843
2019-03-26 08:00,2019-03-26 09:00,1.206,0.295,0.145,3.376
2019-03-26 09:00,2019-03-26 10:00,1.545,0.422,0.154,4.568
2019-03-26 10:00,2019-03-26 11:00,1.850,0.563,0.146,5.579
2019-03-26 11:00,2019-03-26 12:00,2.035,0.663,0.132,6.410
2019-03-26 12:00,2019-03-26 13:00,1.947,0.623,0.134,6.851
2019-03-26 13:00,2019-03-26 14:00,1.781,0.562,0.122,6.967
2019-03-26 14:00,2019-03-26 15:00,1.552,0.490,0.097,6.871
2019-03-26 15:00,2019-03-26 16:00,1.069,0.314,0.081,6.387
2019-03-26 16:00,2019-03-26 17:00,0.316,0.067,0.057,5.058
2019-03-26 17:00,2019-03-26 18:00,0,0.001,0.004,2.630
2019-03-26 18:00,2019-03-26 19:00,0,0,0,1.977
2019-03-26 19:00,2019-03-26 20:00,0,0,0,1.659
2019-03-26 20:00,2019-03-26 21:00,0,0,0,1.352
2019-03-26 21:00,2019-03-26 22:00,0,0,0,1.014
2019-03-26 22:00,2019-03-26 23:00,0,0,0,0.692
2019-03-26 23:00,2019-03-27 00:00,0,0,0,0.605
2019-03-27 00:00,2019-03-27 01:00,0,0,0,0.601
2019-03-27 01:00,2019-03-27 02:00,0,0,0,0.457
2019-03-27 02:00,2019-03-27 03:00,0,0,0,0.314
2019-03-27 03:00,2019-03-27 04:00,0,0,0,0.281
2019-03-27 04:00,2019-03-27 05:00,0,0,0,0.328
2019-03-27 05:00,2019-03-27 06:00,0.022,0,0.017,0.730
2019-03-27 06:00,2019-03-27 07:00,0.186,0.005,0.074,1.707
2019-03-27 07:00,2019-03-27 08:00,0.465,0.032,0.143,2.774
2019-03-27 08:00,2019-03-27 09:00,1.064,0.208,0.182,4.251
2019-03-27 09:00,2019-03-27 10:00,1.549,0.414,0.168,5.660
2019-03-27 10:00,2019-03-27 11:00,1.649,0.433,0.193,6.451
2019-03-27 11:00,2019-03-27 12:00,1.676,0.437,0.203,6.981
2019-03-27 12:00,2019-03-27 13:00,1.748,0.493,0.179,7.438
2019-03-27 13:00,2019-03-27 14:00,1.649,0.478,0.152,7.706
2019-03-27 14:00,2019-03-27 15:00,1.377,0.390,0.128,7.597
2019-03-27 15:00,2019-03-27 16:00,0.841,0.203,0.109,7.099
2019-03-27 16:00,2019-03-27 17:00,0.297,0.058,0.061,6.002
2019-03-27 17:00,2019-03-27 18:00,0.003,0.002,0.005,3.815
2019-03-27 18:00,2019-03-27 19:00,0,0,0,3.239
2019-03-27 19:00,2019-03-27 20:00,0,0,0,2.996
2019-03-27 20:00,2019-03-27 21:00,0,0,0,2.717
2019-03-27 21:00,2019-03-27 22:00,0,0,0,2.535
2019-03-27 22:00,2019-03-27 23:00,0,0,0,2.322
2019-03-27 23:00,2019-03-28 00:00,0,0,0,2.143
2019-03-28 00:00,2019-03-28 01:00,0,0,0,1.969
2019-03-28 01:00,2019-03-28 02:00,0,0,0,1.711
2019-03-28 02:00,2019-03-28 03:00,0,0,0,1.461
2019-03-28 03:00,2019-03-28 04:00,0,0,0,1.212
2019-03-28 04:00,2019-03-28 05:00,0,-0,0,0.905
2019-03-28 05:00,2019-03-28 06:00,0.042,0,0.026,0.967
2019-03-28 06:00,2019-03-28 07:00,0.371,0.086,0.057,3.031
2019-03-28 07:00,2019-03-28 08:00,0.972,0.292,0.066,5.379
2019-03-28 08:00,2019-03-28 09:00,1.518,0.503,0.072,7.523
2019-03-28 09:00,2019-03-28 10:00,1.817,0.615,0.093,8.642
2019-03-28 10:00,2019-03-28 11:00,2.005,0.689,0.107,9.510
2019-03-28 11:00,2019-03-28 12:00,2.086,0.726,0.112,10.130
2019-03-28 12:00,2019-03-28 13:00,2.027,0.698,0.114,10.467
2019-03-28 13:00,2019-03-28 14:00,1.724,0.547,0.126,10.441
2019-03-28 14:00,2019-03-28 15:00,1.301,0.367,0.127,10.086
2019-03-28 15:00,2019-03-28 16:00,0.808,0.196,0.107,9.471
2019-03-28 16:00,2019-03-28 17:00,0.279,0.053,0.060,8.180
2019-03-28 17:00,2019-03-28 18:00,0.003,0.002,0.005,5.573
2019-03-28 18:00,2019-03-28 19:00,0,0,0,4.748
2019-03-28 19:00,2019-03-28 20:00,0,0,0,4.328
2019-03-28 20:00,2019-03-28 21:00,0,0,0,3.896
2019-03-28 21:00,2019-03-28 22:00,0,0,0,3.464
2019-03-28 22:00,2019-03-28 23:00,0,0,0,2.958
2019-03-28 23:00,2019-03-29 00:00,0,0,0,2.641
2019-03-29 00:00,2019-03-29 01:00,0,0,0,2.695
2019-03-29 01:00,2019-03-29 02:00,0,0,0,2.630
2019-03-29 02:00,2019-03-29 03:00,0,0,0,2.380
2019-03-29 03:00,2019-03-29 04:00,0,0,0,2.337
2019-03-29 04:00,2019-03-29 05:00,0,0,0,1.997
2019-03-29 05:00,2019-03-29 06:00,0.051,0,0.029,2.091
2019-03-29 06:00,2019-03-29 07:00,0.306,0.030,0.091,3.907
2019-03-29 07:00,2019-03-29 08:00,0.754,0.161,0.118,6.052
2019-03-29 08:00,2019-03-29 09:00,1.458,0.472,0.082,8.743
2019-03-29 09:00,2019-03-29 10:00,1.931,0.696,0.072,10.642
2019-03-29 10:00,2019-03-29 11:00,2.180,0.819,0.074,11.859
2019-03-29 11:00,2019-03-29 12:00,2.281,0.874,0.075,12.723
2019-03-29 12:00,2019-03-29 13:00,2.238,0.856,0.074,13.231
2019-03-29 13:00,2019-03-29 14:00,2.054,0.768,0.071,13.314
2019-03-29 14:00,2019-03-29 15:00,1.717,0.613,0.067,12.881
2019-03-29 15:00,2019-03-29 16:00,1.212,0.404,0.060,11.990
2019-03-29 16:00,2019-03-29 17:00,0.548,0.164,0.047,10.076
2019-03-29 17:00,2019-03-29 18:00,0.016,0.008,0.007,6.448
2019-03-29 18:00,2019-03-29 19:00,0,0,0,5.098
2019-03-29 19:00,2019-03-29 20:00,0,0,0,4.392
2019-03-29 20:00,2019-03-29 21:00,0,0,0,3.952
2019-03-29 21:00,2019-03-29 22:00,0,0,0,3.712
2019-03-29 22:00,2019-03-29 23:00,0,0,0,3.677
2019-03-29 23:00,2019-03-30 00:00,0,0,0,3.708
2019-03-30 00:00,2019-03-30 01:00,0,0,0,3.569
2019-03-30 01:00,2019-03-30 02:00,0,0,0,3.354
2019-03-30 02:00,2019-03-30 03:00,0,0,0,3.047
2019-03-30 03:00,2019-03-30 04:00,0,0,0,2.668
2019-03-30 04:00,2019-03-30 05:00,0,0,0,2.178
2019-03-30 05:00,2019-03-30 06:00,0.060,0,0.033,2.499
2019-03-30 06:00,2019-03-30 07:00,0.350,0.060,0.077,5.278
2019-03-30 07:00,2019-03-30 08:00,0.885,0.244,0.086,7.817
2019-03-30 08:00,2019-03-30 09:00,1.424,0.462,0.084,10.537
2019-03-30 09:00,2019-03-30 10:00,1.841,0.655,0.081,12.998
2019-03-30 10:00,2019-03-30 11:00,2.116,0.797,0.079,14.355
2019-03-30 11:00,2019-03-30 12:00,2.233,0.863,0.078,15.128
2019-03-30 12:00,2019-03-30 13:00,2.187,0.841,0.078,15.484
2019-03-30 13:00,2019-03-30 14:00,1.994,0.745,0.076,15.452
2019-03-30 14:00,2019-03-30 15:00,1.645,0.583,0.073,15.045
2019-03-30 15:00,2019-03-30 16:00,1.154,0.380,0.066,14.351
2019-03-30 16:00,2019-03-30 17:00,0.522,0.153,0.050,12.466
2019-03-30 17:00,2019-03-30 18:00,0.017,0.008,0.007,9.748
2019-03-30 18:00,2019-03-30 19:00,0,0,0,8.610
2019-03-30 19:00,2019-03-30 20:00,0,0,0,7.982
2019-03-30 20:00,2019-03-30 21:00,0,0,0,7.692
2019-03-30 21:00,2019-03-30 22:00,0,0,0,7.767
2019-03-30 22:00,2019-03-30 23:00,0,0,0,7.799
2019-03-30 23:00,2019-03-31 00:00,0,0,0,7.402
2019-03-31 00:00,2019-03-31 01:00,0,0,0,6.930
2019-03-31 01:00,2019-03-31 03:00,0,0,0,6.267
2019-03-31 02:00,2019-03-31 04:00,0,0,0,5.692
2019-03-31 03:00,2019-03-31 05:00,0,0,0,5.066
2019-03-31 04:00,2019-03-31 06:00,0,0,0,4.351
2019-03-31 05:00,2019-03-31 07:00,0.056,0,0.032,4.365
2019-03-31 06:00,2019-03-31 08:00,0.385,0.096,0.054,7.003
2019-03-31 07:00,2019-03-31 09:00,0.975,0.304,0.062,9.494
2019-03-31 08:00,2019-03-31 10:00,1.491,0.512,0.068,12.407
2019-03-31 09:00,2019-03-31 11:00,1.869,0.679,0.075,13.825
2019-03-31 10:00,2019-03-31 12:00,2.114,0.798,0.078,14.574
2019-03-31 11:00,2019-03-31 13:00,2.217,0.852,0.079,15.047
2019-03-31 12:00,2019-03-31 14:00,2.176,0.832,0.079,15.250
2019-03-31 13:00,2019-03-31 15:00,1.994,0.743,0.076,15.154
2019-03-31 14:00,2019-03-31 16:00,1.659,0.589,0.072,14.727
2019-03-31 15:00,2019-03-31 17:00,1.158,0.381,0.066,13.978
2019-03-31 16:00,2019-03-31 18:00,0.508,0.145,0.053,11.985
2019-03-31 17:00,2019-03-31 19:00,0.018,0.007,0.008,8.632
2019-03-31 18:00,2019-03-31 20:00,0,0,0,7.422
2019-03-31 19:00,2019-03-31 21:00,0,0,0,6.824
2019-03-31 20:00,2019-03-31 22:00,0,0,0,6.270
2019-03-31 21:00,2019-03-31 23:00,0,0,0,5.764
2019-03-31 22:00,2019-04-01 00:00,0,0,0,5.282
2019-03-31 23:00,2019-04-01 01:00,0,0,0,4.720
2019-04-01 00:00,2019-04-01 02:00,0,0,0,4.268
2019-04-01 01:00,2019-04-01 03:00,0,0,0,3.950
2019-04-01 02:00,2019-04-01 04:00,0,0,0,3.890
2019-04-01 03:00,2019-04-01 05:00,0,0,0,4.023
2019-04-01 04:00,2019-04-01 06:00,0,0,0,4.003
2019-04-01 05:00,2019-04-01 07:00,0.044,0,0.026,4.251
2019-04-01 06:00,2019-04-01 08:00,0.251,0.011,0.091,5.183
2019-04-01 07:00,2019-04-01 09:00,0.757,0.146,0.135,7.006
2019-04-01 08:00,2019-04-01 10:00,1.399,0.428,0.104,9.313
2019-04-01 09:00,2019-04-01 11:00,1.840,0.635,0.094,11.197
2019-04-01 10:00,2019-04-01 12:00,2.089,0.757,0.095,12.495
2019-04-01 11:00,2019-04-01 13:00,2.190,0.811,0.096,13.321
2019-04-01 12:00,2019-04-01 14:00,2.126,0.779,0.098,13.730
2019-04-01 13:00,2019-04-01 15:00,1.936,0.689,0.095,13.747
2019-04-01 14:00,2019-04-01 16:00,1.591,0.534,0.092,13.335
2019-04-01 15:00,2019-04-01 17:00,1.045,0.311,0.088,12.563
2019-04-01 16:00,2019-04-01 18:00,0.437,0.108,0.064,11.167
2019-04-01 17:00,2019-04-01 19:00,0.018,0.006,0.009,8.260
2019-04-01 18:00,2019-04-01 20:00,0,0,0,6.741
2019-04-01 19:00,2019-04-01 21:00,0,0,0,5.932
2019-04-01 20:00,2019-04-01 22:00,0,0,0,5.211
2019-04-01 21:00,2019-04-01 23:00,0,0,0,4.485
2019-04-01 22:00,2019-04-02 00:00,0,0,0,3.874
2019-04-01 23:00,2019-04-02 01:00,0,0,0,3.487
2019-04-02 00:00,2019-04-02 02:00,0,0,0,3.339
2019-04-02 01:00,2019-04-02 03:00,0,0,0,3.367
2019-04-02 02:00,2019-04-02 04:00,0,0,0,3.472
2019-04-02 03:00,2019-04-02 05:00,0,0,0,3.333
2019-04-02 04:00,2019-04-02 06:00,0,0,0,3.000
2019-04-02 05:00,2019-04-02 07:00,0.080,0,0.041,3.806
2019-04-02 06:00,2019-04-02 08:00,0.383,0.055,0.095,6.943
2019-04-02 07:00,2019-04-02 09:00,0.853,0.199,0.121,9.373
2019-04-02 08:00,2019-04-02 10:00,1.244,0.329,0.149,12.247
2019-04-02 09:00,2019-04-02 11:00,1.458,0.387,0.185,14.330
2019-04-02 10:00,2019-04-02 12:00,1.594,0.430,0.206,15.710
2019-04-02 11:00,2019-04-02 13:00,1.681,0.473,0.206,16.622
2019-04-02 12:00,2019-04-02 14:00,1.616,0.445,0.206,17.047
2019-04-02 13:00,2019-04-02 15:00,1.289,0.295,0.214,17.064
2019-04-02 14:00,2019-04-02 16:00,0.810,0.123,0.193,16.966
2019-04-02 15:00,2019-04-02 17:00,0.377,0.031,0.122,15.590
2019-04-02 16:00,2019-04-02 18:00,0.104,0.005,0.046,13.165
2019-04-02 17:00,2019-04-02 19:00,0,0,0.005,11.270
2019-04-02 18:00,2019-04-02 20:00,0,0,0,10.561
2019-04-02 19:00,2019-04-02 21:00,0,0,0,9.978
2019-04-02 20:00,2019-04-02 22:00,0,0,0,9.289
2019-04-02 21:00,2019-04-02 23:00,0,0,0,8.886
2019-04-02 22:00,2019-04-03 00:00,0,0,0,8.431
2019-04-02 23:00,2019-04-03 01:00,0,0,0,7.780
2019-04-03 00:00,2019-04-03 02:00,0,0,0,7.165
2019-04-03 01:00,2019-04-03 03:00,0,0,0,6.885
2019-04-03 02:00,2019-04-03 04:00,0,0,0,6.695
2019-04-03 03:00,2019-04-03 05:00,0,0,0,6.564
2019-04-03 04:00,2019-04-03 06:00,0,0,0,6.482
2019-04-03 05:00,2019-04-03 07:00,0.040,0,0.025,6.779
2019-04-03 06:00,2019-04-03 08:00,0.180,0.003,0.075,8.033
2019-04-03 07:00,2019-04-03 09:00,0.395,0.017,0.139,9.373
2019-04-03 08:00,2019-04-03 10:00,0.760,0.076,0.213,11.174
2019-04-03 09:00,2019-04-03 11:00,1.309,0.283,0.222,13.018
2019-04-03 10:00,2019-04-03 12:00,1.732,0.511,0.182,14.490
2019-04-03 11:00,2019-04-03 13:00,1.915,0.624,0.159,15.546
2019-04-03 12:00,2019-04-03 14:00,1.921,0.644,0.145,16.165
2019-04-03 13:00,2019-04-03 15:00,1.781,0.593,0.131,16.368
2019-04-03 14:00,2019-04-03 16:00,1.461,0.460,0.120,16.284
2019-04-03 15:00,2019-04-03 17:00,1.001,0.285,0.103,15.494
2019-04-03 16:00,2019-04-03 18:00,0.425,0.098,0.072,13.439
2019-04-03 17:00,2019-04-03 19:00,0.025,0.007,0.012,10.852
2019-04-03 18:00,2019-04-03 20:00,0,0,0,9.278
2019-04-03 19:00,2019-04-03 21:00,0,0,0,7.778
2019-04-03 20:00,2019-04-03 22:00,0,0,0,6.760
2019-04-03 21:00,2019-04-03 23:00,0,0,0,5.994
2019-04-03 22:00,2019-04-04 00:00,0,0,0,5.593
2019-04-03 23:00,2019-04-04 01:00,0,0,0,5.178
2019-04-04 00:00,2019-04-04 02:00,0,0,0,4.303
2019-04-04 01:00,2019-04-04 03:00,0,0,0,3.653
2019-04-04 02:00,2019-04-04 04:00,0,0,0,3.368
2019-04-04 03:00,2019-04-04 05:00,0,0,0,3.349
2019-04-04 04:00,2019-04-04 06:00,0,0,0,3.152
2019-04-04 05:00,2019-04-04 07:00,0.047,0,0.028,3.284
2019-04-04 06:00,2019-04-04 08:00,0.261,0.007,0.098,4.386
2019-04-04 07:00,2019-04-04 09:00,0.522,0.031,0.166,6.193
2019-04-04 08:00,2019-04-04 10:00,0.792,0.073,0.223,8.614
2019-04-04 09:00,2019-04-04 11:00,1.162,0.183,0.260,11.426
2019-04-04 10:00,2019-04-04 12:00,1.467,0.321,0.252,13.679
2019-04-04 11:00,2019-04-04 13:00,1.805,0.527,0.203,15.283
2019-04-04 12:00,2019-04-04 14:00,1.817,0.551,0.187,15.749
2019-04-04 13:00,2019-04-04 15:00,1.387,0.324,0.219,14.785
2019-04-04 14:00,2019-04-04 16:00,0.771,0.094,0.200,12.660
2019-04-04 15:00,2019-04-04 17:00,0.391,0.027,0.127,10.085
2019-04-04 16:00,2019-04-04 18:00,0.095,0.004,0.044,7.221
2019-04-04 17:00,2019-04-04 19:00,0,0,0.004,4.840
2019-04-04 18:00,2019-04-04 20:00,0,0,0,3.430
2019-04-04 19:00,2019-04-04 21:00,0,0,0,2.832
2019-04-04 20:00,2019-04-04 22:00,0,0,0,2.516
2019-04-04 21:00,2019-04-04 23:00,0,0,0,2.407
2019-04-04 22:00,2019-04-05 00:00,0,0,0,2.405
2019-04-04 23:00,2019-04-05 01:00,0,0,0,2.383
2019-04-05 00:00,2019-04-05 02:00,0,0,0,2.382
2019-04-05 01:00,2019-04-05 03:00,0,0,0,2.371
2019-04-05 02:00,2019-04-05 04:00,0,0,0,2.329
2019-04-05 03:00,2019-04-05 05:00,0,0,0,2.243
2019-04-05 04:00,2019-04-05 06:00,0,0,0,2.170
2019-04-05 05:00,2019-04-05 07:00,0.032,0,0.021,2.300
2019-04-05 06:00,2019-04-05 08:00,0.176,0.002,0.073,2.816
2019-04-05 07:00,2019-04-05 09:00,0.454,0.018,0.154,3.799
2019-04-05 08:00,2019-04-05 10:00,0.785,0.061,0.229,5.083
2019-04-05 09:00,2019-04-05 11:00,1.019,0.106,0.270,6.166
2019-04-05 10:00,2019-04-05 12:00,1.297,0.193,0.292,7.229
2019-04-05 11:00,2019-04-05 13:00,1.354,0.217,0.293,8.115
2019-04-05 12:00,2019-04-05 14:00,1.322,0.218,0.281,8.720
2019-04-05 13:00,2019-04-05 15:00,1.125,0.168,0.255,8.923
2019-04-05 14:00,2019-04-05 16:00,0.801,0.092,0.208,8.697
2019-04-05 15:00,2019-04-05 17:00,0.427,0.032,0.134,8.209
2019-04-05 16:00,2019-04-05 18:00,0.184,0.012,0.068,7.611
2019-04-05 17:00,2019-04-05 19:00,0.010,0.001,0.010,6.442
2019-04-05 18:00,2019-04-05 20:00,0,0,0,5.659
2019-04-05 19:00,2019-04-05 21:00,0,0,0,5.422
2019-04-05 20:00,2019-04-05 22:00,0,0,0,5.512
2019-04-05 21:00,2019-04-05 23:00,0,0,0,5.664
2019-04-05 22:00,2019-04-06 00:00,0,0,0,5.548
2019-04-05 23:00,2019-04-06 01:00,0,0,0,5.349
2019-04-06 00:00,2019-04-06 02:00,0,0,0,5.213
2019-04-06 01:00,2019-04-06 03:00,0,0,0,5.230
2019-04-06 02:00,2019-04-06 04:00,0,0,0,5.061
2019-04-06 03:00,2019-04-06 05:00,0,0,0,4.786
2019-04-06 04:00,2019-04-06 06:00,0,0,0.001,4.560
2019-04-06 05:00,2019-04-06 07:00,0.049,0,0.029,4.975
2019-04-06 06:00,2019-04-06 08:00,0.220,0.005,0.087,5.908
2019-04-06 07:00,2019-04-06 09:00,0.504,0.032,0.160,7.097
2019-04-06 08:00,2019-04-06 10:00,0.876,0.113,0.215,8.759
2019-04-06 09:00,2019-04-06 11:00,1.525,0.402,0.186,10.630
2019-04-06 10:00,2019-04-06 12:00,1.902,0.612,0.148,12.060
2019-04-06 11:00,2019-04-06 13:00,2.147,0.766,0.119,13.165
2019-04-06 12:00,2019-04-06 14:00,2.112,0.756,0.115,13.779
2019-04-06 13:00,2019-04-06 15:00,1.848,0.620,0.124,13.897
2019-04-06 14:00,2019-04-06 16:00,1.464,0.447,0.125,13.580
2019-04-06 15:00,2019-04-06 17:00,0.980,0.263,0.112,12.870
2019-04-06 16:00,2019-04-06 18:00,0.447,0.099,0.076,11.551
2019-04-06 17:00,2019-04-06 19:00,0.043,0.011,0.016,8.941
2019-04-06 18:00,2019-04-06 20:00,0,0,0,7.184
2019-04-06 19:00,2019-04-06 21:00,0,0,0,6.338
2019-04-06 20:00,2019-04-06 22:00,0,0,0,5.494
2019-04-06 21:00,2019-04-06 23:00,0,0,0,4.778
2019-04-06 22:00,2019-04-07 00:00,0,0,0,4.276
2019-04-06 23:00,2019-04-07 01:00,0,0,0,3.848
2019-04-07 00:00,2019-04-07 02:00,0,0,0,3.525
2019-04-07 01:00,2019-04-07 03:00,0,0,0,3.133
2019-04-07 02:00,2019-04-07 04:00,0,0,0,2.698
2019-04-07 03:00,2019-04-07 05:00,0,0,0,2.419
2019-04-07 04:00,2019-04-07 06:00,0,0,0.002,2.582
2019-04-07 05:00,2019-04-07 07:00,0.086,0,0.043,3.997
2019-04-07 06:00,2019-04-07 08:00,0.278,0.009,0.103,5.608
2019-04-07 07:00,2019-04-07 09:00,0.504,0.027,0.164,7.206
2019-04-07 08:00,2019-04-07 10:00,0.778,0.066,0.226,8.764
2019-04-07 09:00,2019-04-07 11:00,1.007,0.113,0.266,10.050
2019-04-07 10:00,2019-04-07 12:00,1.249,0.189,0.287,11.256
2019-04-07 11:00,2019-04-07 13:00,1.310,0.215,0.289,12.167
2019-04-07 12:00,2019-04-07 14:00,1.269,0.216,0.273,12.582
2019-04-07 13:00,2019-04-07 15:00,1.356,0.298,0.227,12.898
2019-04-07 14:00,2019-04-07 16:00,1.273,0.318,0.174,13.015
2019-04-07 15:00,2019-04-07 17:00,0.747,0.140,0.146,12.575
2019-04-07 16:00,2019-04-07 18:00,0.277,0.033,0.082,11.681
2019-04-07 17:00,2019-04-07 19:00,0.014,0.002,0.012,10.041
2019-04-07 18:00,2019-04-07 20:00,0,0,0,9.503
2019-04-07 19:00,2019-04-07 21:00,0,0,0,9.175
2019-04-07 20:00,2019-04-07 22:00,0,0,0,8.603
2019-04-07 21:00,2019-04-07 23:00,0,0,0,8.349
2019-04-07 22:00,2019-04-08 00:00,0,0,0,7.790
2019-04-07 23:00,2019-04-08 01:00,0,0,0,7.094
2019-04-08 00:00,2019-04-08 02:00,0,0,0,6.562
2019-04-08 01:00,2019-04-08 03:00,0,0,0,6.049
2019-04-08 02:00,2019-04-08 04:00,0,0,0,5.704
2019-04-08 03:00,2019-04-08 05:00,0,0,0,5.435
2019-04-08 04:00,2019-04-08 06:00,0,0,0.001,5.274
2019-04-08 05:00,2019-04-08 07:00,0.037,0,0.024,5.606
2019-04-08 06:00,2019-04-08 08:00,0.157,0.001,0.068,6.014
2019-04-08 07:00,2019-04-08 09:00,0.390,0.009,0.143,6.740
2019-04-08 08:00,2019-04-08 10:00,0.636,0.026,0.213,7.705
2019-04-08 09:00,2019-04-08 11:00,0.771,0.036,0.253,8.440
2019-04-08 10:00,2019-04-08 12:00,0.727,0.027,0.246,8.849
2019-04-08 11:00,2019-04-08 13:00,0.751,0.029,0.253,9.232
2019-04-08 12:00,2019-04-08 14:00,0.681,0.025,0.233,9.528
2019-04-08 13:00,2019-04-08 15:00,0.573,0.020,0.199,9.716
2019-04-08 14:00,2019-04-08 16:00,0.486,0.019,0.169,9.808
2019-04-08 15:00,2019-04-08 17:00,0.321,0.012,0.117,9.727
2019-04-08 16:00,2019-04-08 18:00,0.142,0.005,0.060,9.315
2019-04-08 17:00,2019-04-08 19:00,0.010,0.001,0.010,8.228
2019-04-08 18:00,2019-04-08 20:00,0,0,0,7.503
2019-04-08 19:00,2019-04-08 21:00,0,0,0,7.077
2019-04-08 20:00,2019-04-08 22:00,0,0,0,6.775
2019-04-08 21:00,2019-04-08 23:00,0,0,0,6.604
2019-04-08 22:00,2019-04-09 00:00,0,0,0,6.441
2019-04-08 23:00,2019-04-09 01:00,0,0,0,6.223
2019-04-09 00:00,2019-04-09 02:00,0,0,0,5.981
2019-04-09 01:00,2019-04-09 03:00,0,0,0,5.792
2019-04-09 02:00,2019-04-09 04:00,0,0,0,5.593
2019-04-09 03:00,2019-04-09 05:00,0,0,0,5.320
2019-04-09 04:00,2019-04-09 06:00,0,0,0.002,5.101
2019-04-09 05:00,2019-04-09 07:00,0.085,0,0.043,5.881
2019-04-09 06:00,2019-04-09 08:00,0.311,0.012,0.113,7.581
2019-04-09 07:00,2019-04-09 09:00,0.667,0.067,0.186,9.555
2019-04-09 08:00,2019-04-09 10:00,0.974,0.137,0.232,10.934
2019-04-09 09:00,2019-04-09 11:00,1.235,0.211,0.262,12.153
2019-04-09 10:00,2019-04-09 12:00,1.370,0.249,0.281,12.942
2019-04-09 11:00,2019-04-09 13:00,1.412,0.263,0.287,13.403
2019-04-09 12:00,2019-04-09 14:00,1.327,0.232,0.282,13.556
2019-04-09 13:00,2019-04-09 15:00,0.985,0.120,0.257,13.295
2019-04-09 14:00,2019-04-09 16:00,0.651,0.053,0.197,12.843
2019-04-09 15:00,2019-04-09 17:00,0.397,0.025,0.133,12.280
2019-04-09 16:00,2019-04-09 18:00,0.144,0.006,0.060,11.238
2019-04-09 17:00,2019-04-09 19:00,0.009,0.001,0.010,9.533
2019-04-09 18:00,2019-04-09 20:00,0,0,0,8.639
2019-04-09 19:00,2019-04-09 21:00,0,0,0,8.337
2019-04-09 20:00,2019-04-09 22:00,0,0,0,8.157
2019-04-09 21:00,2019-04-09 23:00,0,0,0,7.895
2019-04-09 22:00,2019-04-10 00:00,0,0,0,7.506
2019-04-09 23:00,2019-04-10 01:00,0,0,0,6.850
2019-04-10 00:00,2019-04-10 02:00,0,0,0,6.468
2019-04-10 01:00,2019-04-10 03:00,0,0,0,6.283
2019-04-10 02:00,2019-04-10 04:00,0,0,0,6.010
2019-04-10 03:00,2019-04-10 05:00,0,0,0,5.791
2019-04-10 04:00,2019-04-10 06:00,0,0,0.001,5.571
2019-04-10 05:00,2019-04-10 07:00,0.024,0,0.018,5.521
2019-04-10 06:00,2019-04-10 08:00,0.109,0.001,0.051,5.515
2019-04-10 07:00,2019-04-10 09:00,0.231,0.002,0.093,5.798
2019-04-10 08:00,2019-04-10 10:00,0.368,0.005,0.139,6.352
2019-04-10 09:00,2019-04-10 11:00,0.490,0.009,0.178,7.120
2019-04-10 10:00,2019-04-10 12:00,0.617,0.015,0.218,7.884
2019-04-10 11:00,2019-04-10 13:00,0.664,0.019,0.232,8.661
2019-04-10 12:00,2019-04-10 14:00,0.697,0.024,0.239,9.435
2019-04-10 13:00,2019-04-10 15:00,0.686,0.029,0.231,10.078
2019-04-10 14:00,2019-04-10 16:00,0.373,0.009,0.139,10.093
2019-04-10 15:00,2019-04-10 17:00,0.266,0.007,0.103,9.910
2019-04-10 16:00,2019-04-10 18:00,0.125,0.003,0.055,9.331
2019-04-10 17:00,2019-04-10 19:00,0.008,0,0.010,8.389
2019-04-10 18:00,2019-04-10 20:00,0,0,0,7.877
2019-04-10 19:00,2019-04-10 21:00,0,0,0,7.517
2019-04-10 20:00,2019-04-10 22:00,0,0,0,7.081
2019-04-10 21:00,2019-04-10 23:00,0,0,0,6.571
2019-04-10 22:00,2019-04-11 00:00,0,0,0,6.079
2019-04-10 23:00,2019-04-11 01:00,0,0,0,5.673
2019-04-11 00:00,2019-04-11 02:00,0,0,0,5.529
2019-04-11 01:00,2019-04-11 03:00,0,0,0,5.224
2019-04-11 02:00,2019-04-11 04:00,0,0,0,4.938
2019-04-11 03:00,2019-04-11 05:00,0,0,0,4.549
2019-04-11 04:00,2019-04-11 06:00,0,0,0.002,4.106
2019-04-11 05:00,2019-04-11 07:00,0.060,0,0.033,3.978
2019-04-11 06:00,2019-04-11 08:00,0.255,0.004,0.099,4.408
2019-04-11 07:00,2019-04-11 09:00,0.533,0.023,0.178,5.332
2019-04-11 08:00,2019-04-11 10:00,0.756,0.044,0.237,6.473
2019-04-11 09:00,2019-04-11 11:00,0.842,0.047,0.266,7.284
2019-04-11 10:00,2019-04-11 12:00,0.846,0.043,0.272,7.732
2019-04-11 11:00,2019-04-11 13:00,0.906,0.051,0.287,8.095
2019-04-11 12:00,2019-04-11 14:00,0.801,0.040,0.260,8.206
2019-04-11 13:00,2019-04-11 15:00,0.652,0.027,0.218,8.121
2019-04-11 14:00,2019-04-11 16:00,0.442,0.014,0.157,7.805
2019-04-11 15:00,2019-04-11 17:00,0.264,0.007,0.101,7.397
2019-04-11 16:00,2019-04-11 18:00,0.121,0.003,0.053,6.720
2019-04-11 17:00,2019-04-11 19:00,0.013,0.001,0.012,5.382
2019-04-11 18:00,2019-04-11 20:00,0,0,0,4.458
2019-04-11 19:00,2019-04-11 21:00,0,0,0,4.018
2019-04-11 20:00,2019-04-11 22:00,0,0,0,3.477
2019-04-11 21:00,2019-04-11 23:00,0,0,0,2.894
2019-04-11 22:00,2019-04-12 00:00,0,0,0,2.596
2019-04-11 23:00,2019-04-12 01:00,0,0,0,2.148
2019-04-12 00:00,2019-04-12 02:00,0,0,0,1.682
2019-04-12 01:00,2019-04-12 03:00,0,0,0,1.210
2019-04-12 02:00,2019-04-12 04:00,0,0,0,0.782
2019-04-12 03:00,2019-04-12 05:00,0,0,0,0.332
2019-04-12 04:00,2019-04-12 06:00,0,0,0.004,0.003
2019-04-12 05:00,2019-04-12 07:00,0.118,0,0.054,0.512
2019-04-12 06:00,2019-04-12 08:00,0.452,0.075,0.095,2.031
2019-04-12 07:00,2019-04-12 09:00,0.959,0.246,0.105,4.005
2019-04-12 08:00,2019-04-12 10:00,1.451,0.435,0.108,5.694
2019-04-12 09:00,2019-04-12 11:00,1.866,0.618,0.103,6.910
2019-04-12 10:00,2019-04-12 12:00,2.197,0.787,0.091,7.767
2019-04-12 11:00,2019-04-12 13:00,2.349,0.872,0.085,8.389
2019-04-12 12:00,2019-04-12 14:00,2.260,0.823,0.091,8.628
2019-04-12 13:00,2019-04-12 15:00,2.067,0.731,0.090,8.584
2019-04-12 14:00,2019-04-12 16:00,1.759,0.597,0.083,8.275
2019-04-12 15:00,2019-04-12 17:00,1.257,0.392,0.079,7.648
2019-04-12 16:00,2019-04-12 18:00,0.641,0.174,0.066,6.609
2019-04-12 17:00,2019-04-12 19:00,0.110,0.029,0.022,4.081
2019-04-12 18:00,2019-04-12 20:00,0,0,0,1.971
2019-04-12 19:00,2019-04-12 21:00,0,0,0,1.274
2019-04-12 20:00,2019-04-12 22:00,0,0,0,0.620
2019-04-12 21:00,2019-04-12 23:00,0,0,0,-0.100
2019-04-12 22:00,2019-04-13 00:00,0,0,0,-0.762
2019-04-12 23:00,2019-04-13 01:00,0,0,0,-1.274
2019-04-13 00:00,2019-04-13 02:00,0,0,0,-1.621
2019-04-13 01:00,2019-04-13 03:00,0,0,0,-1.890
2019-04-13 02:00,2019-04-13 04:00,0,0,0,-2.126
2019-04-13 03:00,2019-04-13 05:00,0,0,0,-2.333
2019-04-13 04:00,2019-04-13 06:00,0,0,0.005,-2.474
2019-04-13 05:00,2019-04-13 07:00,0.116,0,0.053,-0.265
2019-04-13 06:00,2019-04-13 08:00,0.507,0.119,0.070,2.335
2019-04-13 07:00,2019-04-13 09:00,1.088,0.322,0.077,4.678
2019-04-13 08:00,2019-04-13 10:00,1.575,0.504,0.091,6.172
2019-04-13 09:00,2019-04-13 11:00,1.821,0.582,0.121,7.179
2019-04-13 10:00,2019-04-13 12:00,2.002,0.650,0.138,7.956
2019-04-13 11:00,2019-04-13 13:00,2.021,0.643,0.155,8.446
2019-04-13 12:00,2019-04-13 14:00,1.835,0.534,0.181,8.569
2019-04-13 13:00,2019-04-13 15:00,1.544,0.397,0.192,8.398
2019-04-13 14:00,2019-04-13 16:00,1.168,0.253,0.184,7.993
2019-04-13 15:00,2019-04-13 17:00,0.635,0.089,0.149,7.316
2019-04-13 16:00,2019-04-13 18:00,0.253,0.023,0.081,6.341
2019-04-13 17:00,2019-04-13 19:00,0.023,0.002,0.015,4.675
2019-04-13 18:00,2019-04-13 20:00,0,0,0,3.710
2019-04-13 19:00,2019-04-13 21:00,0,0,0,3.239
2019-04-13 20:00,2019-04-13 22:00,0,0,0,2.749
2019-04-13 21:00,2019-04-13 23:00,0,0,0,2.263
2019-04-13 22:00,2019-04-14 00:00,0,0,0,1.888
2019-04-13 23:00,2019-04-14 01:00,0,0,0,1.599
2019-04-14 00:00,2019-04-14 02:00,0,0,0,1.248
2019-04-14 01:00,2019-04-14 03:00,0,0,0,1.055
2019-04-14 02:00,2019-04-14 04:00,0,0,0,0.946
2019-04-14 03:00,2019-04-14 05:00,0,0,0,0.744
2019-04-14 04:00,2019-04-14 06:00,0,0,0.003,0.507
2019-04-14 05:00,2019-04-14 07:00,0.106,0,0.050,0.996
2019-04-14 06:00,2019-04-14 08:00,0.383,0.020,0.126,2.075
2019-04-14 07:00,2019-04-14 09:00,0.790,0.107,0.181,3.521
2019-04-14 08:00,2019-04-14 10:00,1.200,0.238,0.204,4.950
2019-04-14 09:00,2019-04-14 11:00,1.558,0.379,0.208,6.093
2019-04-14 10:00,2019-04-14 12:00,1.812,0.489,0.208,6.882
2019-04-14 11:00,2019-04-14 13:00,1.714,0.415,0.242,7.268
2019-04-14 12:00,2019-04-14 14:00,1.597,0.357,0.251,7.510
2019-04-14 13:00,2019-04-14 15:00,1.281,0.231,0.248,7.529
2019-04-14 14:00,2019-04-14 16:00,0.915,0.125,0.215,7.347
2019-04-14 15:00,2019-04-14 17:00,0.545,0.053,0.154,6.976
2019-04-14 16:00,2019-04-14 18:00,0.224,0.014,0.079,6.322
2019-04-14 17:00,2019-04-14 19:00,0.028,0.002,0.018,5.024
2019-04-14 18:00,2019-04-14 20:00,0,0,0,4.195
2019-04-14 19:00,2019-04-14 21:00,0,0,0,4.060
2019-04-14 20:00,2019-04-14 22:00,0,0,0,3.718
2019-04-14 21:00,2019-04-14 23:00,0,0,0,3.456
2019-04-14 22:00,2019-04-15 00:00,0,0,0,3.358
2019-04-14 23:00,2019-04-15 01:00,0,0,0,3.311
2019-04-15 00:00,2019-04-15 02:00,0,0,0,3.198
2019-04-15 01:00,2019-04-15 03:00,0,0,0,2.857
2019-04-15 02:00,2019-04-15 04:00,0,0,0,2.517
2019-04-15 03:00,2019-04-15 05:00,0,0,0,2.222
2019-04-15 04:00,2019-04-15 06:00,0,0,0.005,2.045
2019-04-15 05:00,2019-04-15 07:00,0.123,0,0.056,3.061
2019-04-15 06:00,2019-04-15 08:00,0.395,0.032,0.120,4.161
2019-04-15 07:00,2019-04-15 09:00,0.915,0.204,0.134,5.947
2019-04-15 08:00,2019-04-15 10:00,1.437,0.422,0.121,7.904
2019-04-15 09:00,2019-04-15 11:00,1.821,0.594,0.118,9.468
2019-04-15 10:00,2019-04-15 12:00,2.101,0.735,0.112,10.614
2019-04-15 11:00,2019-04-15 13:00,2.199,0.788,0.112,11.354
2019-04-15 12:00,2019-04-15 14:00,2.171,0.781,0.108,11.802
2019-04-15 13:00,2019-04-15 15:00,2.034,0.724,0.098,11.982
2019-04-15 14:00,2019-04-15 16:00,1.730,0.591,0.090,11.818
2019-04-15 15:00,2019-04-15 17:00,1.260,0.398,0.083,11.336
2019-04-15 16:00,2019-04-15 18:00,0.674,0.186,0.069,10.300
2019-04-15 17:00,2019-04-15 19:00,0.119,0.027,0.029,7.837
2019-04-15 18:00,2019-04-15 20:00,0,0,0,5.728
2019-04-15 19:00,2019-04-15 21:00,0,0,0,5.002
2019-04-15 20:00,2019-04-15 22:00,0,0,0,4.197
2019-04-15 21:00,2019-04-15 23:00,0,0,0,3.536
2019-04-15 22:00,2019-04-16 00:00,0,0,0,2.995
2019-04-15 23:00,2019-04-16 01:00,0,0,0,2.470
2019-04-16 00:00,2019-04-16 02:00,0,0,0,2.049
2019-04-16 01:00,2019-04-16 03:00,0,0,0,1.755
2019-04-16 02:00,2019-04-16 04:00,0,0,0,1.393
2019-04-16 03:00,2019-04-16 05:00,0,0,0,0.990
2019-04-16 04:00,2019-04-16 06:00,0.004,0,0.007,0.797
2019-04-16 05:00,2019-04-16 07:00,0.112,0,0.052,3.164
2019-04-16 06:00,2019-04-16 08:00,0.517,0.128,0.068,6.245
2019-04-16 07:00,2019-04-16 09:00,1.080,0.329,0.076,9.273
2019-04-16 08:00,2019-04-16 10:00,1.569,0.527,0.083,11.611
2019-04-16 09:00,2019-04-16 11:00,1.923,0.686,0.091,13.482
2019-04-16 10:00,2019-04-16 12:00,2.037,0.721,0.116,14.420
2019-04-16 11:00,2019-04-16 13:00,1.997,0.675,0.145,14.868
2019-04-16 12:00,2019-04-16 14:00,1.842,0.580,0.166,15.043
2019-04-16 13:00,2019-04-16 15:00,1.628,0.481,0.168,15.012
2019-04-16 14:00,2019-04-16 16:00,1.351,0.377,0.151,14.780
2019-04-16 15:00,2019-04-16 17:00,0.979,0.253,0.124,14.372
2019-04-16 16:00,2019-04-16 18:00,0.490,0.103,0.090,13.398
2019-04-16 17:00,2019-04-16 19:00,0.072,0.010,0.028,10.874
2019-04-16 18:00,2019-04-16 20:00,0,0,0,9.233
2019-04-16 19:00,2019-04-16 21:00,0,0,0,8.601
2019-04-16 20:00,2019-04-16 22:00,0,0,0,8.000
2019-04-16 21:00,2019-04-16 23:00,0,0,0,7.382
2019-04-16 22:00,2019-04-17 00:00,0,0,0,7.001
2019-04-16 23:00,2019-04-17 01:00,0,0,0,6.720
2019-04-17 00:00,2019-04-17 02:00,0,0,0,6.527
2019-04-17 01:00,2019-04-17 03:00,0,0,0,6.367
2019-04-17 02:00,2019-04-17 04:00,0,0,0,6.054
2019-04-17 03:00,2019-04-17 05:00,0,0,0,5.507
2019-04-17 04:00,2019-04-17 06:00,0.002,0,0.006,4.886
2019-04-17 05:00,2019-04-17 07:00,0.129,0,0.059,5.665
2019-04-17 06:00,2019-04-17 08:00,0.409,0.036,0.123,7.210
2019-04-17 07:00,2019-04-17 09:00,0.838,0.163,0.151,9.430
2019-04-17 08:00,2019-04-17 10:00,1.359,0.388,0.134,11.754
2019-04-17 09:00,2019-04-17 11:00,1.835,0.627,0.109,13.444
2019-04-17 10:00,2019-04-17 12:00,2.120,0.777,0.100,14.377
2019-04-17 11:00,2019-04-17 13:00,2.226,0.836,0.099,14.884
2019-04-17 12:00,2019-04-17 14:00,2.203,0.828,0.096,15.052
2019-04-17 13:00,2019-04-17 15:00,2.058,0.761,0.089,14.911
2019-04-17 14:00,2019-04-17 16:00,1.779,0.635,0.080,14.440
2019-04-17 15:00,2019-04-17 17:00,1.333,0.446,0.071,13.667
2019-04-17 16:00,2019-04-17 18:00,0.755,0.228,0.060,12.323
2019-04-17 17:00,2019-04-17 19:00,0.167,0.043,0.031,9.597
2019-04-17 18:00,2019-04-17 20:00,0,0,0,7.288
2019-04-17 19:00,2019-04-17 21:00,0,0,0,6.748
2019-04-17 20:00,2019-04-17 22:00,0,0,0,6.144
2019-04-17 21:00,2019-04-17 23:00,0,0,0,5.636
2019-04-17 22:00,2019-04-18 00:00,0,0,0,5.157
2019-04-17 23:00,2019-04-18 01:00,0,0,0,4.632
2019-04-18 00:00,2019-04-18 02:00,0,0,0,4.078
2019-04-18 01:00,2019-04-18 03:00,0,0,0,3.535
2019-04-18 02:00,2019-04-18 04:00,0,0,0,3.025
2019-04-18 03:00,2019-04-18 05:00,0,0,0,2.856
2019-04-18 04:00,2019-04-18 06:00,0.006,0,0.009,3.087
2019-04-18 05:00,2019-04-18 07:00,0.124,0,0.057,4.779
2019-04-18 06:00,2019-04-18 08:00,0.529,0.138,0.063,7.314
2019-04-18 07:00,2019-04-18 09:00,1.091,0.342,0.070,10.292
2019-04-18 08:00,2019-04-18 10:00,1.574,0.540,0.077,12.740
2019-04-18 09:00,2019-04-18 11:00,1.931,0.703,0.083,14.439
2019-04-18 10:00,2019-04-18 12:00,2.143,0.808,0.088,15.572
2019-04-18 11:00,2019-04-18 13:00,2.218,0.846,0.093,16.201
2019-04-18 12:00,2019-04-18 14:00,2.161,0.816,0.095,16.420
2019-04-18 13:00,2019-04-18 15:00,2.012,0.745,0.089,16.301
2019-04-18 14:00,2019-04-18 16:00,1.739,0.622,0.080,15.876
2019-04-18 15:00,2019-04-18 17:00,1.297,0.434,0.073,15.176
2019-04-18 16:00,2019-04-18 18:00,0.726,0.217,0.063,13.968
2019-04-18 17:00,2019-04-18 19:00,0.154,0.038,0.032,11.517
2019-04-18 18:00,2019-04-18 20:00,0,0,0,9.126
2019-04-18 19:00,2019-04-18 21:00,0,0,0,8.617
2019-04-18 20:00,2019-04-18 22:00,0,0,0,8.182
2019-04-18 21:00,2019-04-18 23:00,0,0,0,7.566
2019-04-18 22:00,2019-04-19 00:00,0,0,0,6.887
2019-04-18 23:00,2019-04-19 01:00,0,0,0,6.533
2019-04-19 00:00,2019-04-19 02:00,0,0,0,6.021
2019-04-19 01:00,2019-04-19 03:00,0,0,0,5.536
2019-04-19 02:00,2019-04-19 04:00,0,0,0,5.110
2019-04-19 03:00,2019-04-19 05:00,0,0,0,4.657
2019-04-19 04:00,2019-04-19 06:00,0.007,0,0.010,4.352
2019-04-19 05:00,2019-04-19 07:00,0.105,0,0.051,6.624
2019-04-19 06:00,2019-04-19 08:00,0.527,0.142,0.060,9.238
2019-04-19 07:00,2019-04-19 09:00,1.095,0.353,0.065,12.212
2019-04-19 08:00,2019-04-19 10:00,1.584,0.558,0.070,14.874
2019-04-19 09:00,2019-04-19 11:00,1.957,0.735,0.073,16.493
2019-04-19 10:00,2019-04-19 12:00,2.184,0.852,0.076,17.420
2019-04-19 11:00,2019-04-19 13:00,2.280,0.905,0.078,17.924
2019-04-19 12:00,2019-04-19 14:00,2.252,0.893,0.076,18.082
2019-04-19 13:00,2019-04-19 15:00,2.089,0.808,0.074,17.901
2019-04-19 14:00,2019-04-19 16:00,1.788,0.662,0.069,17.396
2019-04-19 15:00,2019-04-19 17:00,1.345,0.467,0.064,16.626
2019-04-19 16:00,2019-04-19 18:00,0.772,0.244,0.056,15.246
2019-04-19 17:00,2019-04-19 19:00,0.181,0.048,0.032,12.313
2019-04-19 18:00,2019-04-19 20:00,0,0,0,9.817
2019-04-19 19:00,2019-04-19 21:00,0,0,0,9.064
2019-04-19 20:00,2019-04-19 22:00,0,0,0,8.504
2019-04-19 21:00,2019-04-19 23:00,0,0,0,8.201
2019-04-19 22:00,2019-04-20 00:00,0,0,0,7.956
2019-04-19 23:00,2019-04-20 01:00,0,0,0,7.500
2019-04-20 00:00,2019-04-20 02:00,0,0,0,7.014
2019-04-20 01:00,2019-04-20 03:00,0,0,0,6.511
2019-04-20 02:00,2019-04-20 04:00,0,0,0,5.936
2019-04-20 03:00,2019-04-20 05:00,0,0,0,5.342
2019-04-20 04:00,2019-04-20 06:00,0.008,0,0.010,4.921
2019-04-20 05:00,2019-04-20 07:00,0.091,0,0.046,7.070
2019-04-20 06:00,2019-04-20 08:00,0.539,0.152,0.055,9.712
2019-04-20 07:00,2019-04-20 09:00,1.115,0.366,0.061,12.571
2019-04-20 08:00,2019-04-20 10:00,1.603,0.572,0.066,15.179
2019-04-20 09:00,2019-04-20 11:00,1.966,0.743,0.071,16.752
2019-04-20 10:00,2019-04-20 12:00,2.194,0.861,0.074,17.637
2019-04-20 11:00,2019-04-20 13:00,2.291,0.915,0.075,18.112
2019-04-20 12:00,2019-04-20 14:00,2.260,0.900,0.074,18.273
2019-04-20 13:00,2019-04-20 15:00,2.100,0.818,0.071,18.120
2019-04-20 14:00,2019-04-20 16:00,1.805,0.674,0.067,17.646
2019-04-20 15:00,2019-04-20 17:00,1.369,0.482,0.060,16.848
2019-04-20 16:00,2019-04-20 18:00,0.801,0.258,0.052,15.448
2019-04-20 17:00,2019-04-20 19:00,0.201,0.056,0.032,12.399
2019-04-20 18:00,2019-04-20 20:00,0,0,0,9.652
2019-04-20 19:00,2019-04-20 21:00,0,0,0,8.777
2019-04-20 20:00,2019-04-20 22:00,0,0,0,8.090
2019-04-20 21:00,2019-04-20 23:00,0,0,0,7.465
2019-04-20 22:00,2019-04-21 00:00,0,0,0,6.985
2019-04-20 23:00,2019-04-21 01:00,0,0,0,6.572
2019-04-21 00:00,2019-04-21 02:00,0,0,0,6.215
2019-04-21 01:00,2019-04-21 03:00,0,0,0,5.886
2019-04-21 02:00,2019-04-21 04:00,0,0,0,5.594
2019-04-21 03:00,2019-04-21 05:00,0,0,0,5.161
2019-04-21 04:00,2019-04-21 06:00,0.009,0,0.011,4.878
2019-04-21 05:00,2019-04-21 07:00,0.082,0,0.042,7.170
2019-04-21 06:00,2019-04-21 08:00,0.549,0.159,0.051,9.983
2019-04-21 07:00,2019-04-21 09:00,1.133,0.376,0.058,12.465
2019-04-21 08:00,2019-04-21 10:00,1.626,0.583,0.063,14.761
2019-04-21 09:00,2019-04-21 11:00,1.992,0.757,0.067,16.372
2019-04-21 10:00,2019-04-21 12:00,2.220,0.877,0.070,17.389
2019-04-21 11:00,2019-04-21 13:00,2.317,0.932,0.071,17.939
2019-04-21 12:00,2019-04-21 14:00,2.290,0.920,0.070,18.148
2019-04-21 13:00,2019-04-21 15:00,2.130,0.837,0.067,18.013
2019-04-21 14:00,2019-04-21 16:00,1.834,0.691,0.063,17.537
2019-04-21 15:00,2019-04-21 17:00,1.395,0.495,0.057,16.724
2019-04-21 16:00,2019-04-21 18:00,0.823,0.268,0.050,15.249
2019-04-21 17:00,2019-04-21 19:00,0.214,0.060,0.032,12.315
2019-04-21 18:00,2019-04-21 20:00,0,0,0,9.596
2019-04-21 19:00,2019-04-21 21:00,0,0,0,8.811
2019-04-21 20:00,2019-04-21 22:00,0,0,0,8.155
2019-04-21 21:00,2019-04-21 23:00,0,0,0,7.652
2019-04-21 22:00,2019-04-22 00:00,0,0,0,7.240
2019-04-21 23:00,2019-04-22 01:00,0,0,0,6.730
2019-04-22 00:00,2019-04-22 02:00,0,0,0,6.362
2019-04-22 01:00,2019-04-22 03:00,0,0,0,5.909
2019-04-22 02:00,2019-04-22 04:00,0,0,0,5.255
2019-04-22 03:00,2019-04-22 05:00,0,0,0,4.762
2019-04-22 04:00,2019-04-22 06:00,0.012,0,0.013,4.731
2019-04-22 05:00,2019-04-22 07:00,0.111,0,0.053,7.270
2019-04-22 06:00,2019-04-22 08:00,0.543,0.145,0.063,9.533
2019-04-22 07:00,2019-04-22 09:00,1.109,0.356,0.067,12.402
2019-04-22 08:00,2019-04-22 10:00,1.592,0.561,0.072,15.055
2019-04-22 09:00,2019-04-22 11:00,1.951,0.730,0.076,16.652
2019-04-22 10:00,2019-04-22 12:00,2.172,0.844,0.080,17.775
2019-04-22 11:00,2019-04-22 13:00,2.261,0.895,0.082,18.492
2019-04-22 12:00,2019-04-22 14:00,2.231,0.882,0.080,18.806
2019-04-22 13:00,2019-04-22 15:00,2.065,0.796,0.078,18.691
2019-04-22 14:00,2019-04-22 16:00,1.760,0.646,0.076,18.138
2019-04-22 15:00,2019-04-22 17:00,1.309,0.446,0.072,17.284
2019-04-22 16:00,2019-04-22 18:00,0.729,0.217,0.066,15.939
2019-04-22 17:00,2019-04-22 19:00,0.167,0.037,0.038,13.911
2019-04-22 18:00,2019-04-22 20:00,0,0,0,11.735
2019-04-22 19:00,2019-04-22 21:00,0,0,0,10.505
2019-04-22 20:00,2019-04-22 22:00,0,0,0,9.354
2019-04-22 21:00,2019-04-22 23:00,0,0,0,8.495
2019-04-22 22:00,2019-04-23 00:00,0,0,0,7.936
2019-04-22 23:00,2019-04-23 01:00,0,0,0,7.933
2019-04-23 00:00,2019-04-23 02:00,0,0,0,7.401
2019-04-23 01:00,2019-04-23 03:00,0,0,0,6.893
2019-04-23 02:00,2019-04-23 04:00,0,0,0,6.477
2019-04-23 03:00,2019-04-23 05:00,0,0,0,5.886
2019-04-23 04:00,2019-04-23 06:00,0.014,0,0.013,5.633
2019-04-23 05:00,2019-04-23 07:00,0.184,0,0.080,7.363
2019-04-23 06:00,2019-04-23 08:00,0.506,0.053,0.142,9.538
2019-04-23 07:00,2019-04-23 09:00,0.860,0.139,0.189,12.026
2019-04-23 08:00,2019-04-23 10:00,1.185,0.234,0.224,14.265
2019-04-23 09:00,2019-04-23 11:00,1.423,0.309,0.253,16.014
2019-04-23 10:00,2019-04-23 12:00,1.467,0.294,0.290,16.953
2019-04-23 11:00,2019-04-23 13:00,1.319,0.204,0.318,17.129
2019-04-23 12:00,2019-04-23 14:00,1.041,0.103,0.304,16.758
2019-04-23 13:00,2019-04-23 15:00,0.698,0.038,0.235,16.034
2019-04-23 14:00,2019-04-23 16:00,0.448,0.016,0.163,15.218
2019-04-23 15:00,2019-04-23 17:00,0.281,0.008,0.109,14.221
2019-04-23 16:00,2019-04-23 18:00,0.152,0.004,0.065,13.208
2019-04-23 17:00,2019-04-23 19:00,0.039,0.001,0.024,12.205
2019-04-23 18:00,2019-04-23 20:00,0,0,0,11.445
2019-04-23 19:00,2019-04-23 21:00,0,0,0,10.910
2019-04-23 20:00,2019-04-23 22:00,0,0,0,10.229
2019-04-23 21:00,2019-04-23 23:00,0,0,0,9.587
2019-04-23 22:00,2019-04-24 00:00,0,0,0,9.057
2019-04-23 23:00,2019-04-24 01:00,0,0,0,8.703
2019-04-24 00:00,2019-04-24 02:00,0,0,0,8.411
2019-04-24 01:00,2019-04-24 03:00,0,0,0,8.390
2019-04-24 02:00,2019-04-24 04:00,0,0,0,8.316
2019-04-24 03:00,2019-04-24 05:00,0,0,0,8.232
2019-04-24 04:00,2019-04-24 06:00,0.016,0,0.014,8.400
2019-04-24 05:00,2019-04-24 07:00,0.155,0,0.070,10.355
2019-04-24 06:00,2019-04-24 08:00,0.522,0.108,0.095,12.553
2019-04-24 07:00,2019-04-24 09:00,1.043,0.311,0.093,15.399
2019-04-24 08:00,2019-04-24 10:00,1.530,0.526,0.090,17.988
2019-04-24 09:00,2019-04-24 11:00,1.888,0.699,0.091,19.661
2019-04-24 10:00,2019-04-24 12:00,2.104,0.813,0.094,20.786
2019-04-24 11:00,2019-04-24 13:00,2.193,0.864,0.095,21.589
2019-04-24 12:00,2019-04-24 14:00,2.159,0.850,0.094,22.115
2019-04-24 13:00,2019-04-24 15:00,1.972,0.748,0.099,22.248
2019-04-24 14:00,2019-04-24 16:00,1.429,0.444,0.139,21.477
2019-04-24 15:00,2019-04-24 17:00,0.789,0.158,0.155,19.990
2019-04-24 16:00,2019-04-24 18:00,0.355,0.045,0.102,17.930
2019-04-24 17:00,2019-04-24 19:00,0.106,0.012,0.041,15.708
2019-04-24 18:00,2019-04-24 20:00,0,0,0.001,13.880
2019-04-24 19:00,2019-04-24 21:00,0,0,0,13.001
2019-04-24 20:00,2019-04-24 22:00,0,0,0,11.927
2019-04-24 21:00,2019-04-24 23:00,0,0,0,10.903
2019-04-24 22:00,2019-04-25 00:00,0,0,0,10.032
2019-04-24 23:00,2019-04-25 01:00,0,0,0,9.770
2019-04-25 00:00,2019-04-25 02:00,0,0,0,8.965
2019-04-25 01:00,2019-04-25 03:00,0,0,0,8.231
2019-04-25 02:00,2019-04-25 04:00,0,0,0,7.743
2019-04-25 03:00,2019-04-25 05:00,0,0,0,7.170
2019-04-25 04:00,2019-04-25 06:00,0.017,0,0.015,7.286
2019-04-25 05:00,2019-04-25 07:00,0.161,0,0.072,9.323
2019-04-25 06:00,2019-04-25 08:00,0.524,0.109,0.094,11.469
2019-04-25 07:00,2019-04-25 09:00,1.025,0.299,0.096,14.175
2019-04-25 08:00,2019-04-25 10:00,1.508,0.509,0.093,16.579
2019-04-25 09:00,2019-04-25 11:00,1.886,0.695,0.089,18.511
2019-04-25 10:00,2019-04-25 12:00,2.128,0.827,0.087,19.943
2019-04-25 11:00,2019-04-25 13:00,2.226,0.887,0.086,20.918
2019-04-25 12:00,2019-04-25 14:00,2.193,0.874,0.085,21.472
2019-04-25 13:00,2019-04-25 15:00,2.031,0.792,0.082,21.661
2019-04-25 14:00,2019-04-25 16:00,1.743,0.650,0.078,21.386
2019-04-25 15:00,2019-04-25 17:00,1.285,0.440,0.077,20.577
2019-04-25 16:00,2019-04-25 18:00,0.738,0.222,0.069,18.963
2019-04-25 17:00,2019-04-25 19:00,0.201,0.047,0.042,16.278
2019-04-25 18:00,2019-04-25 20:00,0,0,0.001,14.027
2019-04-25 19:00,2019-04-25 21:00,0,0,0,13.190
2019-04-25 20:00,2019-04-25 22:00,0,0,0,12.158
2019-04-25 21:00,2019-04-25 23:00,0,0,0,11.212
2019-04-25 22:00,2019-04-26 00:00,0,0,0,10.573
2019-04-25 23:00,2019-04-26 01:00,0,0,0,10.132
2019-04-26 00:00,2019-04-26 02:00,0,0,0,9.699
2019-04-26 01:00,2019-04-26 03:00,0,0,0,9.537
2019-04-26 02:00,2019-04-26 04:00,0,0,0,9.272
2019-04-26 03:00,2019-04-26 05:00,0,0,0,9.161
2019-04-26 04:00,2019-04-26 06:00,0.015,0,0.014,8.626
2019-04-26 05:00,2019-04-26 07:00,0.143,0,0.065,9.198
2019-04-26 06:00,2019-04-26 08:00,0.357,0.008,0.134,9.556
2019-04-26 07:00,2019-04-26 09:00,0.568,0.021,0.196,9.877
2019-04-26 08:00,2019-04-26 10:00,0.736,0.033,0.246,10.200
2019-04-26 09:00,2019-04-26 11:00,0.749,0.027,0.256,10.376
2019-04-26 10:00,2019-04-26 12:00,0.673,0.018,0.238,10.173
2019-04-26 11:00,2019-04-26 13:00,0.535,0.010,0.195,9.586
2019-04-26 12:00,2019-04-26 14:00,0.584,0.013,0.209,9.027
2019-04-26 13:00,2019-04-26 15:00,0.546,0.014,0.194,8.451
2019-04-26 14:00,2019-04-26 16:00,0.583,0.022,0.199,8.280
2019-04-26 15:00,2019-04-26 17:00,0.387,0.012,0.139,7.714
2019-04-26 16:00,2019-04-26 18:00,0.145,0.003,0.063,6.787
2019-04-26 17:00,2019-04-26 19:00,0.043,0.001,0.025,6.180
2019-04-26 18:00,2019-04-26 20:00,0,0,0.001,5.613
2019-04-26 19:00,2019-04-26 21:00,0,0,0,5.222
2019-04-26 20:00,2019-04-26 22:00,0,0,0,4.921
2019-04-26 21:00,2019-04-26 23:00,0,0,0,4.680
2019-04-26 22:00,2019-04-27 00:00,0,0,0,4.445
2019-04-26 23:00,2019-04-27 01:00,0,0,0,4.418
2019-04-27 00:00,2019-04-27 02:00,0,0,0,4.396
2019-04-27 01:00,2019-04-27 03:00,0,0,0,4.298
2019-04-27 02:00,2019-04-27 04:00,0,0,0,4.141
2019-04-27 03:00,2019-04-27 05:00,0,0,0,4.008
2019-04-27 04:00,2019-04-27 06:00,0.014,0,0.013,4.034
2019-04-27 05:00,2019-04-27 07:00,0.174,0,0.075,4.786
2019-04-27 06:00,2019-04-27 08:00,0.423,0.017,0.146,6.161
2019-04-27 07:00,2019-04-27 09:00,0.686,0.047,0.211,7.858
2019-04-27 08:00,2019-04-27 10:00,0.893,0.073,0.262,9.250
2019-04-27 09:00,2019-04-27 11:00,1.047,0.097,0.298,10.181
2019-04-27 10:00,2019-04-27 12:00,1.293,0.168,0.326,11.113
2019-04-27 11:00,2019-04-27 13:00,1.321,0.177,0.329,11.705
2019-04-27 12:00,2019-04-27 14:00,1.207,0.143,0.319,11.964
2019-04-27 13:00,2019-04-27 15:00,0.907,0.073,0.272,11.773
2019-04-27 14:00,2019-04-27 16:00,0.700,0.047,0.220,11.384
2019-04-27 15:00,2019-04-27 17:00,0.492,0.029,0.162,10.688
2019-04-27 16:00,2019-04-27 18:00,0.284,0.015,0.101,9.786
2019-04-27 17:00,2019-04-27 19:00,0.066,0.002,0.034,8.532
2019-04-27 18:00,2019-04-27 20:00,0,0,0.001,7.476
2019-04-27 19:00,2019-04-27 21:00,0,0,0,6.611
2019-04-27 20:00,2019-04-27 22:00,0,0,0,5.762
2019-04-27 21:00,2019-04-27 23:00,0,0,0,5.005
2019-04-27 22:00,2019-04-28 00:00,0,0,0,4.346
2019-04-27 23:00,2019-04-28 01:00,0,0,0,3.883
2019-04-28 00:00,2019-04-28 02:00,0,0,0,3.475
2019-04-28 01:00,2019-04-28 03:00,0,0,0,3.188
2019-04-28 02:00,2019-04-28 04:00,0,0,0,2.830
2019-04-28 03:00,2019-04-28 05:00,0,0,0,2.266
2019-04-28 04:00,2019-04-28 06:00,0.028,0,0.020,2.064
2019-04-28 05:00,2019-04-28 07:00,0.204,0,0.085,3.096
2019-04-28 06:00,2019-04-28 08:00,0.615,0.126,0.102,4.662
2019-04-28 07:00,2019-04-28 09:00,1.094,0.276,0.129,6.188
2019-04-28 08:00,2019-04-28 10:00,1.358,0.316,0.193,7.222
2019-04-28 09:00,2019-04-28 11:00,1.451,0.287,0.262,7.882
2019-04-28 10:00,2019-04-28 12:00,1.333,0.191,0.312,8.137
2019-04-28 11:00,2019-04-28 13:00,1.271,0.156,0.321,8.310
2019-04-28 12:00,2019-04-28 14:00,1.196,0.139,0.310,8.456
2019-04-28 13:00,2019-04-28 15:00,1.047,0.110,0.281,8.480
2019-04-28 14:00,2019-04-28 16:00,0.689,0.044,0.214,8.116
2019-04-28 15:00,2019-04-28 17:00,0.352,0.012,0.127,7.478
2019-04-28 16:00,2019-04-28 18:00,0.147,0.003,0.063,6.814
2019-04-28 17:00,2019-04-28 19:00,0.030,0.001,0.020,5.878
2019-04-28 18:00,2019-04-28 20:00,0,0,0.001,4.885
2019-04-28 19:00,2019-04-28 21:00,0,0,0,4.468
2019-04-28 20:00,2019-04-28 22:00,0,0,0,4.281
2019-04-28 21:00,2019-04-28 23:00,0,0,0,4.076
2019-04-28 22:00,2019-04-29 00:00,0,0,0,3.659
2019-04-28 23:00,2019-04-29 01:00,0,0,0,3.208
2019-04-29 00:00,2019-04-29 02:00,0,0,0,2.886
2019-04-29 01:00,2019-04-29 03:00,0,0,0,2.646
2019-04-29 02:00,2019-04-29 04:00,0,0,0,2.406
2019-04-29 03:00,2019-04-29 05:00,0,0,0,2.219
2019-04-29 04:00,2019-04-29 06:00,0.023,0,0.017,2.352
2019-04-29 05:00,2019-04-29 07:00,0.177,0,0.076,3.306
2019-04-29 06:00,2019-04-29 08:00,0.364,0.008,0.133,4.392
2019-04-29 07:00,2019-04-29 09:00,0.490,0.013,0.173,5.664
2019-04-29 08:00,2019-04-29 10:00,0.582,0.015,0.204,6.494
2019-04-29 09:00,2019-04-29 11:00,0.705,0.022,0.241,7.147
2019-04-29 10:00,2019-04-29 12:00,0.848,0.034,0.281,7.707
2019-04-29 11:00,2019-04-29 13:00,0.854,0.036,0.283,7.881
2019-04-29 12:00,2019-04-29 14:00,0.814,0.034,0.270,7.813
2019-04-29 13:00,2019-04-29 15:00,0.711,0.029,0.237,7.680
2019-04-29 14:00,2019-04-29 16:00,0.663,0.033,0.216,7.635
2019-04-29 15:00,2019-04-29 17:00,0.503,0.025,0.167,7.384
2019-04-29 16:00,2019-04-29 18:00,0.246,0.009,0.093,6.716
2019-04-29 17:00,2019-04-29 19:00,0.070,0.002,0.035,5.877
2019-04-29 18:00,2019-04-29 20:00,0,0,0.002,4.968
2019-04-29 19:00,2019-04-29 21:00,0,0,0,4.633
2019-04-29 20:00,2019-04-29 22:00,0,0,0,4.448
2019-04-29 21:00,2019-04-29 23:00,0,0,0,4.426
2019-04-29 22:00,2019-04-30 00:00,0,0,0,4.440
2019-04-29 23:00,2019-04-30 01:00,0,0,0,4.468
2019-04-30 00:00,2019-04-30 02:00,0,0,0,4.466
2019-04-30 01:00,2019-04-30 03:00,0,0,0,4.432
2019-04-30 02:00,2019-04-30 04:00,0,0,0,4.453
2019-04-30 03:00,2019-04-30 05:00,0,0,0,4.548
2019-04-30 04:00,2019-04-30 06:00,0,0,0.003,4.721
2019-04-30 05:00,2019-04-30 07:00,0.027,0,0.019,5.067
2019-04-30 06:00,2019-04-30 08:00,0.114,0.001,0.053,5.513
2019-04-30 07:00,2019-04-30 09:00,0.242,0.003,0.097,6.003
2019-04-30 08:00,2019-04-30 10:00,0.485,0.011,0.174,6.775
2019-04-30 09:00,2019-04-30 11:00,0.886,0.052,0.278,7.923
2019-04-30 10:00,2019-04-30 12:00,1.322,0.177,0.323,9.260
2019-04-30 11:00,2019-04-30 13:00,1.578,0.309,0.302,10.543
2019-04-30 12:00,2019-04-30 14:00,1.674,0.393,0.263,11.566
2019-04-30 13:00,2019-04-30 15:00,1.700,0.459,0.211,12.306
2019-04-30 14:00,2019-04-30 16:00,1.466,0.390,0.179,12.528
2019-04-30 15:00,2019-04-30 17:00,1.173,0.310,0.139,12.365
2019-04-30 16:00,2019-04-30 18:00,0.662,0.143,0.111,11.604
2019-04-30 17:00,2019-04-30 19:00,0.200,0.028,0.058,9.605
2019-04-30 18:00,2019-04-30 20:00,0,0,0.003,6.926
2019-04-30 19:00,2019-04-30 21:00,0,0,0,6.127
2019-04-30 20:00,2019-04-30 22:00,0,0,0,5.707
2019-04-30 21:00,2019-04-30 23:00,0,0,0,5.111
2019-04-30 22:00,2019-05-01 00:00,0,0,0,4.607
2019-04-30 23:00,2019-05-01 01:00,0,0,0,4.181
2019-05-01 00:00,2019-05-01 02:00,0,0,0,3.672
2019-05-01 01:00,2019-05-01 03:00,0,0,0,3.180
2019-05-01 02:00,2019-05-01 04:00,0,0,0,2.488
2019-05-01 03:00,2019-05-01 05:00,0,0,0,1.724
2019-05-01 04:00,2019-05-01 06:00,0.030,0,0.021,1.971
2019-05-01 05:00,2019-05-01 07:00,0.101,0,0.049,4.821
2019-05-01 06:00,2019-05-01 08:00,0.615,0.174,0.056,7.093
2019-05-01 07:00,2019-05-01 09:00,1.184,0.386,0.063,10.200
2019-05-01 08:00,2019-05-01 10:00,1.669,0.586,0.069,11.903
2019-05-01 09:00,2019-05-01 11:00,2.020,0.747,0.075,13.084
2019-05-01 10:00,2019-05-01 12:00,2.236,0.856,0.079,14.049
2019-05-01 11:00,2019-05-01 13:00,2.327,0.907,0.080,14.792
2019-05-01 12:00,2019-05-01 14:00,2.276,0.881,0.082,15.238
2019-05-01 13:00,2019-05-01 15:00,2.092,0.787,0.083,15.373
2019-05-01 14:00,2019-05-01 16:00,1.764,0.628,0.083,15.181
2019-05-01 15:00,2019-05-01 17:00,1.332,0.442,0.078,14.761
2019-05-01 16:00,2019-05-01 18:00,0.799,0.239,0.068,14.094
2019-05-01 17:00,2019-05-01 19:00,0.252,0.060,0.046,12.376
2019-05-01 18:00,2019-05-01 20:00,0,0,0.004,10.629
2019-05-01 19:00,2019-05-01 21:00,0,0,0,9.880
2019-05-01 20:00,2019-05-01 22:00,0,0,0,9.224
2019-05-01 21:00,2019-05-01 23:00,0,0,0,8.373
2019-05-01 22:00,2019-05-02 00:00,0,0,0,7.187
2019-05-01 23:00,2019-05-02 01:00,0,0,0,6.099
2019-05-02 00:00,2019-05-02 02:00,0,0,0,5.239
2019-05-02 01:00,2019-05-02 03:00,0,0,0,4.603
2019-05-02 02:00,2019-05-02 04:00,0,0,0,4.059
2019-05-02 03:00,2019-05-02 05:00,0,0,0,3.534
2019-05-02 04:00,2019-05-02 06:00,0.036,0,0.023,4.040
2019-05-02 05:00,2019-05-02 07:00,0.121,0,0.057,7.284
2019-05-02 06:00,2019-05-02 08:00,0.615,0.168,0.066,9.748
2019-05-02 07:00,2019-05-02 09:00,1.162,0.371,0.074,12.636
2019-05-02 08:00,2019-05-02 10:00,1.629,0.567,0.081,14.641
2019-05-02 09:00,2019-05-02 11:00,1.976,0.728,0.086,15.851
2019-05-02 10:00,2019-05-02 12:00,2.193,0.838,0.090,16.679
2019-05-02 11:00,2019-05-02 13:00,2.273,0.880,0.094,17.187
2019-05-02 12:00,2019-05-02 14:00,2.189,0.828,0.103,17.364
2019-05-02 13:00,2019-05-02 15:00,1.913,0.667,0.124,17.189
2019-05-02 14:00,2019-05-02 16:00,1.384,0.383,0.164,16.616
2019-05-02 15:00,2019-05-02 17:00,0.787,0.137,0.168,15.689
2019-05-02 16:00,2019-05-02 18:00,0.355,0.034,0.111,14.148
2019-05-02 17:00,2019-05-02 19:00,0.060,0.002,0.032,12.110
2019-05-02 18:00,2019-05-02 20:00,0,0,0.001,10.660
2019-05-02 19:00,2019-05-02 21:00,0,0,0,9.888
2019-05-02 20:00,2019-05-02 22:00,0,0,0,9.158
2019-05-02 21:00,2019-05-02 23:00,0,0,0,8.260
2019-05-02 22:00,2019-05-03 00:00,0,0,0,7.545
2019-05-02 23:00,2019-05-03 01:00,0,0,0,7.245
2019-05-03 00:00,2019-05-03 02:00,0,0,0,7.202
2019-05-03 01:00,2019-05-03 03:00,0,0,0,7.276
2019-05-03 02:00,2019-05-03 04:00,0,0,0,7.247
2019-05-03 03:00,2019-05-03 05:00,0,0,0,7.075
2019-05-03 04:00,2019-05-03 06:00,0.012,0,0.012,6.873
2019-05-03 05:00,2019-05-03 07:00,0.134,0,0.061,7.073
2019-05-03 06:00,2019-05-03 08:00,0.336,0.007,0.127,7.503
2019-05-03 07:00,2019-05-03 09:00,0.589,0.025,0.198,8.251
2019-05-03 08:00,2019-05-03 10:00,0.834,0.055,0.258,9.171
2019-05-03 09:00,2019-05-03 11:00,1.176,0.137,0.308,10.131
2019-05-03 10:00,2019-05-03 12:00,1.486,0.258,0.315,11.016
2019-05-03 11:00,2019-05-03 13:00,1.536,0.281,0.315,11.536
2019-05-03 12:00,2019-05-03 14:00,1.473,0.262,0.308,11.759
2019-05-03 13:00,2019-05-03 15:00,1.249,0.189,0.289,11.644
2019-05-03 14:00,2019-05-03 16:00,0.979,0.123,0.248,11.296
2019-05-03 15:00,2019-05-03 17:00,0.718,0.080,0.193,10.899
2019-05-03 16:00,2019-05-03 18:00,0.392,0.032,0.123,10.278
2019-05-03 17:00,2019-05-03 19:00,0.125,0.007,0.052,9.154
2019-05-03 18:00,2019-05-03 20:00,0,0,0.004,7.281
2019-05-03 19:00,2019-05-03 21:00,0,0,0,6.585
2019-05-03 20:00,2019-05-03 22:00,0,0,0,6.220
2019-05-03 21:00,2019-05-03 23:00,0,0,0,6.062
2019-05-03 22:00,2019-05-04 00:00,0,0,0,6.072
2019-05-03 23:00,2019-05-04 01:00,0,0,0,5.589
2019-05-04 00:00,2019-05-04 02:00,0,0,0,4.632
2019-05-04 01:00,2019-05-04 03:00,0,0,0,3.805
2019-05-04 02:00,2019-05-04 04:00,0,0,0,3.391
2019-05-04 03:00,2019-05-04 05:00,0,0,0,3.227
2019-05-04 04:00,2019-05-04 06:00,0.046,0,0.027,4.033
2019-05-04 05:00,2019-05-04 07:00,0.242,0,0.099,5.971
2019-05-04 06:00,2019-05-04 08:00,0.572,0.051,0.166,7.744
2019-05-04 07:00,2019-05-04 09:00,0.911,0.123,0.218,9.253
2019-05-04 08:00,2019-05-04 10:00,1.193,0.185,0.267,10.177
2019-05-04 09:00,2019-05-04 11:00,1.243,0.155,0.318,10.685
2019-05-04 10:00,2019-05-04 12:00,1.137,0.096,0.336,10.763
2019-05-04 11:00,2019-05-04 13:00,0.900,0.042,0.297,10.216
2019-05-04 12:00,2019-05-04 14:00,0.592,0.014,0.211,9.128
2019-05-04 13:00,2019-05-04 15:00,0.361,0.005,0.137,7.759
2019-05-04 14:00,2019-05-04 16:00,0.209,0.002,0.086,6.276
2019-05-04 15:00,2019-05-04 17:00,0.142,0.002,0.062,4.828
2019-05-04 16:00,2019-05-04 18:00,0.089,0.001,0.043,3.559
2019-05-04 17:00,2019-05-04 19:00,0.025,0,0.018,2.532
2019-05-04 18:00,2019-05-04 20:00,0,0,0.001,1.840
2019-05-04 19:00,2019-05-04 21:00,0,0,0,1.441
2019-05-04 20:00,2019-05-04 22:00,0,0,0,1.223
2019-05-04 21:00,2019-05-04 23:00,0,0,0,1.055
2019-05-04 22:00,2019-05-05 00:00,0,0,0,0.927
2019-05-04 23:00,2019-05-05 01:00,0,0,0,0.767
2019-05-05 00:00,2019-05-05 02:00,0,0,0,0.599
2019-05-05 01:00,2019-05-05 03:00,0,0,0,0.493
2019-05-05 02:00,2019-05-05 04:00,0,0,0,0.388
2019-05-05 03:00,2019-05-05 05:00,0,0,0,0.275
2019-05-05 04:00,2019-05-05 06:00,0.011,0,0.012,0.262
2019-05-05 05:00,2019-05-05 07:00,0.110,0,0.051,0.720
2019-05-05 06:00,2019-05-05 08:00,0.296,0.004,0.112,1.373
2019-05-05 07:00,2019-05-05 09:00,0.514,0.013,0.178,2.149
2019-05-05 08:00,2019-05-05 10:00,0.775,0.033,0.250,2.922
2019-05-05 09:00,2019-05-05 11:00,0.944,0.050,0.295,3.697
2019-05-05 10:00,2019-05-05 12:00,0.947,0.046,0.301,4.226
2019-05-05 11:00,2019-05-05 13:00,0.963,0.048,0.305,4.670
2019-05-05 12:00,2019-05-05 14:00,0.941,0.051,0.295,5.058
2019-05-05 13:00,2019-05-05 15:00,1.015,0.080,0.294,5.471
2019-05-05 14:00,2019-05-05 16:00,0.947,0.091,0.258,5.678
2019-05-05 15:00,2019-05-05 17:00,0.666,0.053,0.194,5.559
2019-05-05 16:00,2019-05-05 18:00,0.365,0.021,0.121,5.187
2019-05-05 17:00,2019-05-05 19:00,0.112,0.004,0.049,4.340
2019-05-05 18:00,2019-05-05 20:00,0,0,0.004,2.829
2019-05-05 19:00,2019-05-05 21:00,0,0,0,2.133
2019-05-05 20:00,2019-05-05 22:00,0,0,0,1.575
2019-05-05 21:00,2019-05-05 23:00,0,0,0,0.937
2019-05-05 22:00,2019-05-06 00:00,0,0,0,0.292
2019-05-05 23:00,2019-05-06 01:00,0,0,0,-0.147
2019-05-06 00:00,2019-05-06 02:00,0,0,0,-0.450
2019-05-06 01:00,2019-05-06 03:00,0,0,0,-0.684
2019-05-06 02:00,2019-05-06 04:00,0,0,0,-0.871
2019-05-06 03:00,2019-05-06 05:00,0,0,0,-1.186
2019-05-06 04:00,2019-05-06 06:00,0.055,0,0.031,-0.592
2019-05-06 05:00,2019-05-06 07:00,0.210,0.002,0.084,1.043
2019-05-06 06:00,2019-05-06 08:00,0.634,0.141,0.093,3.295
2019-05-06 07:00,2019-05-06 09:00,1.167,0.332,0.099,5.391
2019-05-06 08:00,2019-05-06 10:00,1.479,0.413,0.142,6.389
2019-05-06 09:00,2019-05-06 11:00,1.730,0.491,0.171,7.118
2019-05-06 10:00,2019-05-06 12:00,1.917,0.570,0.178,7.812
2019-05-06 11:00,2019-05-06 13:00,2.151,0.712,0.148,8.595
2019-05-06 12:00,2019-05-06 14:00,2.125,0.710,0.141,9.129
2019-05-06 13:00,2019-05-06 15:00,1.965,0.640,0.136,9.328
2019-05-06 14:00,2019-05-06 16:00,1.580,0.462,0.144,9.123
2019-05-06 15:00,2019-05-06 17:00,1.148,0.295,0.136,8.611
2019-05-06 16:00,2019-05-06 18:00,0.628,0.122,0.114,7.822
2019-05-06 17:00,2019-05-06 19:00,0.179,0.018,0.059,6.608
2019-05-06 18:00,2019-05-06 20:00,0.001,0,0.006,4.485
2019-05-06 19:00,2019-05-06 21:00,0,0,0,3.452
2019-05-06 20:00,2019-05-06 22:00,0,0,0,2.700
2019-05-06 21:00,2019-05-06 23:00,0,0,0,2.024
2019-05-06 22:00,2019-05-07 00:00,0,0,0,1.496
2019-05-06 23:00,2019-05-07 01:00,0,0,0,1.000
2019-05-07 00:00,2019-05-07 02:00,0,0,0,0.553
2019-05-07 01:00,2019-05-07 03:00,0,0,0,0.118
2019-05-07 02:00,2019-05-07 04:00,0,0,0,-0.269
2019-05-07 03:00,2019-05-07 05:00,0,0,0,-0.505
2019-05-07 04:00,2019-05-07 06:00,0.059,0,0.032,0.259
2019-05-07 05:00,2019-05-07 07:00,0.147,0.005,0.060,3.260
2019-05-07 06:00,2019-05-07 08:00,0.652,0.173,0.070,5.891
2019-05-07 07:00,2019-05-07 09:00,1.177,0.354,0.085,7.861
2019-05-07 08:00,2019-05-07 10:00,1.601,0.512,0.103,9.089
2019-05-07 09:00,2019-05-07 11:00,1.864,0.607,0.127,10.105
2019-05-07 10:00,2019-05-07 12:00,1.981,0.638,0.155,10.914
2019-05-07 11:00,2019-05-07 13:00,1.903,0.562,0.196,11.427
2019-05-07 12:00,2019-05-07 14:00,1.584,0.367,0.249,11.546
2019-05-07 13:00,2019-05-07 15:00,1.259,0.227,0.255,11.425
2019-05-07 14:00,2019-05-07 16:00,1.110,0.210,0.212,11.272
2019-05-07 15:00,2019-05-07 17:00,1.247,0.361,0.116,11.406
2019-05-07 16:00,2019-05-07 18:00,0.905,0.274,0.069,11.029
2019-05-07 17:00,2019-05-07 19:00,0.325,0.080,0.051,9.294
2019-05-07 18:00,2019-05-07 20:00,0.004,0,0.008,5.938
2019-05-07 19:00,2019-05-07 21:00,0,0,0,4.971
2019-05-07 20:00,2019-05-07 22:00,0,0,0,4.723
2019-05-07 21:00,2019-05-07 23:00,0,0,0,4.476
2019-05-07 22:00,2019-05-08 00:00,0,0,0,3.549
2019-05-07 23:00,2019-05-08 01:00,0,0,0,3.376
2019-05-08 00:00,2019-05-08 02:00,0,0,0,3.371
2019-05-08 01:00,2019-05-08 03:00,0,0,0,3.315
2019-05-08 02:00,2019-05-08 04:00,0,0,0,3.379
2019-05-08 03:00,2019-05-08 05:00,0,0,0,3.652
2019-05-08 04:00,2019-05-08 06:00,0.023,0,0.018,4.311
2019-05-08 05:00,2019-05-08 07:00,0.142,0,0.064,5.838
2019-05-08 06:00,2019-05-08 08:00,0.274,0.003,0.109,7.441
2019-05-08 07:00,2019-05-08 09:00,0.375,0.006,0.142,8.796
2019-05-08 08:00,2019-05-08 10:00,0.660,0.022,0.229,10.533
2019-05-08 09:00,2019-05-08 11:00,1.336,0.190,0.327,12.899
2019-05-08 10:00,2019-05-08 12:00,1.571,0.286,0.335,14.619
2019-05-08 11:00,2019-05-08 13:00,0.926,0.050,0.307,14.679
2019-05-08 12:00,2019-05-08 14:00,0.637,0.017,0.230,14.494
2019-05-08 13:00,2019-05-08 15:00,0.601,0.017,0.217,14.523
2019-05-08 14:00,2019-05-08 16:00,0.494,0.013,0.182,14.241
2019-05-08 15:00,2019-05-08 17:00,0.240,0.004,0.098,13.549
2019-05-08 16:00,2019-05-08 18:00,0.197,0.004,0.082,12.912
2019-05-08 17:00,2019-05-08 19:00,0.115,0.003,0.052,11.752
2019-05-08 18:00,2019-05-08 20:00,0,0,0.004,9.914
2019-05-08 19:00,2019-05-08 21:00,0,0,0,9.255
2019-05-08 20:00,2019-05-08 22:00,0,0,0,8.709
2019-05-08 21:00,2019-05-08 23:00,0,0,0,8.190
2019-05-08 22:00,2019-05-09 00:00,0,0,0,7.918
2019-05-08 23:00,2019-05-09 01:00,0,0,0,7.576
2019-05-09 00:00,2019-05-09 02:00,0,0,0,6.974
2019-05-09 01:00,2019-05-09 03:00,0,0,0,6.295
2019-05-09 02:00,2019-05-09 04:00,0,0,0,5.708
2019-05-09 03:00,2019-05-09 05:00,0,0,0,5.356
2019-05-09 04:00,2019-05-09 06:00,0.035,0,0.023,5.697
2019-05-09 05:00,2019-05-09 07:00,0.239,0.001,0.098,7.458
2019-05-09 06:00,2019-05-09 08:00,0.588,0.080,0.144,9.461
2019-05-09 07:00,2019-05-09 09:00,1.036,0.243,0.149,11.139
2019-05-09 08:00,2019-05-09 10:00,1.529,0.460,0.136,12.449
2019-05-09 09:00,2019-05-09 11:00,1.798,0.565,0.154,13.409
2019-05-09 10:00,2019-05-09 12:00,1.961,0.626,0.173,14.128
2019-05-09 11:00,2019-05-09 13:00,1.871,0.540,0.217,14.461
2019-05-09 12:00,2019-05-09 14:00,1.663,0.409,0.253,14.497
2019-05-09 13:00,2019-05-09 15:00,1.329,0.251,0.266,14.260
2019-05-09 14:00,2019-05-09 16:00,1.036,0.160,0.239,13.853
2019-05-09 15:00,2019-05-09 17:00,0.761,0.102,0.190,13.234
2019-05-09 16:00,2019-05-09 18:00,0.440,0.045,0.128,12.318
2019-05-09 17:00,2019-05-09 19:00,0.161,0.011,0.061,11.124
2019-05-09 18:00,2019-05-09 20:00,0.002,0,0.007,9.912
2019-05-09 19:00,2019-05-09 21:00,0,0,0,9.195
2019-05-09 20:00,2019-05-09 22:00,0,0,0,8.545
2019-05-09 21:00,2019-05-09 23:00,0,0,0,8.039
2019-05-09 22:00,2019-05-10 00:00,0,0,0,7.532
2019-05-09 23:00,2019-05-10 01:00,0,0,0,7.108
2019-05-10 00:00,2019-05-10 02:00,0,0,0,6.754
2019-05-10 01:00,2019-05-10 03:00,0,0,0,6.416
2019-05-10 02:00,2019-05-10 04:00,0,0,0,6.079
2019-05-10 03:00,2019-05-10 05:00,0,0,0,5.946
2019-05-10 04:00,2019-05-10 06:00,0.051,0,0.030,6.524
2019-05-10 05:00,2019-05-10 07:00,0.204,0.001,0.086,7.487
2019-05-10 06:00,2019-05-10 08:00,0.441,0.018,0.153,8.429
2019-05-10 07:00,2019-05-10 09:00,0.787,0.074,0.222,9.424
2019-05-10 08:00,2019-05-10 10:00,1.104,0.154,0.263,10.527
2019-05-10 09:00,2019-05-10 11:00,1.296,0.199,0.297,11.477
2019-05-10 10:00,2019-05-10 12:00,1.258,0.161,0.321,12.020
2019-05-10 11:00,2019-05-10 13:00,1.378,0.207,0.325,12.536
2019-05-10 12:00,2019-05-10 14:00,1.421,0.248,0.304,12.954
2019-05-10 13:00,2019-05-10 15:00,1.496,0.330,0.255,13.379
2019-05-10 14:00,2019-05-10 16:00,1.339,0.308,0.212,13.512
2019-05-10 15:00,2019-05-10 17:00,0.961,0.185,0.183,13.311
2019-05-10 16:00,2019-05-10 18:00,0.501,0.064,0.132,12.827
2019-05-10 17:00,2019-05-10 19:00,0.228,0.026,0.071,11.773
2019-05-10 18:00,2019-05-10 20:00,0.007,0,0.010,10.681
2019-05-10 19:00,2019-05-10 21:00,0,0,0,10.487
2019-05-10 20:00,2019-05-10 22:00,0,0,0,9.677
2019-05-10 21:00,2019-05-10 23:00,0,0,0,8.725
2019-05-10 22:00,2019-05-11 00:00,0,0,0,7.739
2019-05-10 23:00,2019-05-11 01:00,0,0,0,7.670
2019-05-11 00:00,2019-05-11 02:00,0,0,0,7.780
2019-05-11 01:00,2019-05-11 03:00,0,0,0,7.589
2019-05-11 02:00,2019-05-11 04:00,0,0,0,7.304
2019-05-11 03:00,2019-05-11 05:00,0,0,0,7.223
2019-05-11 04:00,2019-05-11 06:00,0.036,0,0.024,7.858
2019-05-11 05:00,2019-05-11 07:00,0.155,0,0.070,9.244
2019-05-11 06:00,2019-05-11 08:00,0.326,0.004,0.127,10.452
2019-05-11 07:00,2019-05-11 09:00,0.470,0.009,0.175,11.605
2019-05-11 08:00,2019-05-11 10:00,0.498,0.009,0.186,12.461
2019-05-11 09:00,2019-05-11 11:00,0.709,0.020,0.253,13.179
2019-05-11 10:00,2019-05-11 12:00,0.973,0.048,0.326,13.896
2019-05-11 11:00,2019-05-11 13:00,0.832,0.030,0.289,13.834
2019-05-11 12:00,2019-05-11 14:00,0.779,0.026,0.273,13.366
2019-05-11 13:00,2019-05-11 15:00,0.552,0.012,0.202,12.501
2019-05-11 14:00,2019-05-11 16:00,0.381,0.006,0.146,11.763
2019-05-11 15:00,2019-05-11 17:00,0.260,0.004,0.105,11.191
2019-05-11 16:00,2019-05-11 18:00,0.133,0.002,0.060,10.492
2019-05-11 17:00,2019-05-11 19:00,0.036,0,0.023,9.635
2019-05-11 18:00,2019-05-11 20:00,0,0,0.002,8.859
2019-05-11 19:00,2019-05-11 21:00,0,0,0,8.370
2019-05-11 20:00,2019-05-11 22:00,0,0,0,7.896
2019-05-11 21:00,2019-05-11 23:00,0,0,0,7.481
2019-05-11 22:00,2019-05-12 00:00,0,0,0,7.050
2019-05-11 23:00,2019-05-12 01:00,0,0,0,6.533
2019-05-12 00:00,2019-05-12 02:00,0,0,0,5.962
2019-05-12 01:00,2019-05-12 03:00,0,0,0,5.374
2019-05-12 02:00,2019-05-12 04:00,0,0,0,4.912
2019-05-12 03:00,2019-05-12 05:00,0,0,0,4.570
2019-05-12 04:00,2019-05-12 06:00,0.004,0,0.008,4.284
2019-05-12 05:00,2019-05-12 07:00,0.051,0,0.030,4.048
2019-05-12 06:00,2019-05-12 08:00,0.115,0,0.053,3.902
2019-05-12 07:00,2019-05-12 09:00,0.198,0.001,0.082,4.015
2019-05-12 08:00,2019-05-12 10:00,0.441,0.006,0.162,4.680
2019-05-12 09:00,2019-05-12 11:00,0.824,0.026,0.278,5.747
2019-05-12 10:00,2019-05-12 12:00,0.963,0.040,0.316,6.664
2019-05-12 11:00,2019-05-12 13:00,0.833,0.026,0.283,7.077
2019-05-12 12:00,2019-05-12 14:00,0.706,0.018,0.246,7.298
2019-05-12 13:00,2019-05-12 15:00,0.676,0.019,0.235,7.589
2019-05-12 14:00,2019-05-12 16:00,0.494,0.011,0.178,7.576
2019-05-12 15:00,2019-05-12 17:00,0.337,0.007,0.127,7.430
2019-05-12 16:00,2019-05-12 18:00,0.252,0.006,0.098,7.284
2019-05-12 17:00,2019-05-12 19:00,0.111,0.002,0.050,6.781
2019-05-12 18:00,2019-05-12 20:00,0.003,0,0.007,5.788
2019-05-12 19:00,2019-05-12 21:00,0,0,0,5.299
2019-05-12 20:00,2019-05-12 22:00,0,0,0,4.903
2019-05-12 21:00,2019-05-12 23:00,0,0,0,4.524
2019-05-12 22:00,2019-05-13 00:00,0,0,0,4.268
2019-05-12 23:00,2019-05-13 01:00,0,0,0,4.144
2019-05-13 00:00,2019-05-13 02:00,0,0,0,3.779
2019-05-13 01:00,2019-05-13 03:00,0,0,0,3.383
2019-05-13 02:00,2019-05-13 04:00,0,0,0,3.132
2019-05-13 03:00,2019-05-13 05:00,0,0,0,2.946
2019-05-13 04:00,2019-05-13 06:00,0.061,0,0.033,3.370
2019-05-13 05:00,2019-05-13 07:00,0.246,0.002,0.098,4.486
2019-05-13 06:00,2019-05-13 08:00,0.548,0.055,0.151,5.834
2019-05-13 07:00,2019-05-13 09:00,0.997,0.209,0.162,7.370
2019-05-13 08:00,2019-05-13 10:00,1.494,0.428,0.141,8.836
2019-05-13 09:00,2019-05-13 11:00,1.844,0.586,0.139,9.887
2019-05-13 10:00,2019-05-13 12:00,2.007,0.653,0.150,10.616
2019-05-13 11:00,2019-05-13 13:00,2.162,0.744,0.138,11.299
2019-05-13 12:00,2019-05-13 14:00,2.118,0.727,0.135,11.724
2019-05-13 13:00,2019-05-13 15:00,2.031,0.705,0.117,12.017
2019-05-13 14:00,2019-05-13 16:00,1.795,0.611,0.101,12.018
2019-05-13 15:00,2019-05-13 17:00,1.393,0.447,0.090,11.735
2019-05-13 16:00,2019-05-13 18:00,0.915,0.274,0.072,11.147
2019-05-13 17:00,2019-05-13 19:00,0.358,0.088,0.054,9.626
2019-05-13 18:00,2019-05-13 20:00,0.012,0,0.012,6.523
2019-05-13 19:00,2019-05-13 21:00,0,0,0,5.070
2019-05-13 20:00,2019-05-13 22:00,0,0,0,4.238
2019-05-13 21:00,2019-05-13 23:00,0,0,0,3.540
2019-05-13 22:00,2019-05-14 00:00,0,0,0,3.082
2019-05-13 23:00,2019-05-14 01:00,0,0,0,2.356
2019-05-14 00:00,2019-05-14 02:00,0,0,0,1.531
2019-05-14 01:00,2019-05-14 03:00,0,0,0,0.767
2019-05-14 02:00,2019-05-14 04:00,0,0,0,0.217
2019-05-14 03:00,2019-05-14 05:00,0,0,0.001,-0.245
2019-05-14 04:00,2019-05-14 06:00,0.076,0,0.039,1.065
2019-05-14 05:00,2019-05-14 07:00,0.176,0.012,0.064,3.579
2019-05-14 06:00,2019-05-14 08:00,0.683,0.175,0.079,6.315
2019-05-14 07:00,2019-05-14 09:00,1.168,0.332,0.105,8.056
2019-05-14 08:00,2019-05-14 10:00,1.509,0.433,0.143,8.752
2019-05-14 09:00,2019-05-14 11:00,1.768,0.516,0.171,9.107
2019-05-14 10:00,2019-05-14 12:00,1.825,0.500,0.214,9.327
2019-05-14 11:00,2019-05-14 13:00,1.763,0.438,0.249,9.475
2019-05-14 12:00,2019-05-14 14:00,1.642,0.374,0.260,9.543
2019-05-14 13:00,2019-05-14 15:00,1.476,0.314,0.250,9.450
2019-05-14 14:00,2019-05-14 16:00,1.145,0.197,0.233,9.061
2019-05-14 15:00,2019-05-14 17:00,0.726,0.084,0.189,8.413
2019-05-14 16:00,2019-05-14 18:00,0.414,0.034,0.126,7.587
2019-05-14 17:00,2019-05-14 19:00,0.156,0.008,0.061,6.459
2019-05-14 18:00,2019-05-14 20:00,0.005,0,0.009,4.974
2019-05-14 19:00,2019-05-14 21:00,0,0,0,4.109
2019-05-14 20:00,2019-05-14 22:00,0,0,0,3.669
2019-05-14 21:00,2019-05-14 23:00,0,0,0,3.248
2019-05-14 22:00,2019-05-15 00:00,0,0,0,2.788
2019-05-14 23:00,2019-05-15 01:00,0,0,0,2.310
2019-05-15 00:00,2019-05-15 02:00,0,0,0,2.094
2019-05-15 01:00,2019-05-15 03:00,0,0,0,1.899
2019-05-15 02:00,2019-05-15 04:00,0,0,0,1.812
2019-05-15 03:00,2019-05-15 05:00,0,0,0.001,1.814
2019-05-15 04:00,2019-05-15 06:00,0.051,0,0.029,2.018
2019-05-15 05:00,2019-05-15 07:00,0.243,0.001,0.097,2.709
2019-05-15 06:00,2019-05-15 08:00,0.554,0.041,0.165,4.173
2019-05-15 07:00,2019-05-15 09:00,1.035,0.200,0.182,5.828
2019-05-15 08:00,2019-05-15 10:00,1.394,0.325,0.199,7.283
2019-05-15 09:00,2019-05-15 11:00,1.630,0.399,0.226,8.308
2019-05-15 10:00,2019-05-15 12:00,1.727,0.416,0.253,8.958
2019-05-15 11:00,2019-05-15 13:00,1.799,0.446,0.256,9.466
2019-05-15 12:00,2019-05-15 14:00,1.739,0.422,0.255,9.745
2019-05-15 13:00,2019-05-15 15:00,1.513,0.327,0.253,9.724
2019-05-15 14:00,2019-05-15 16:00,1.244,0.240,0.231,9.461
2019-05-15 15:00,2019-05-15 17:00,0.889,0.139,0.194,9.018
2019-05-15 16:00,2019-05-15 18:00,0.484,0.050,0.136,8.326
2019-05-15 17:00,2019-05-15 19:00,0.175,0.010,0.066,7.410
2019-05-15 18:00,2019-05-15 20:00,0.009,0,0.011,5.769
2019-05-15 19:00,2019-05-15 21:00,0,0,0,4.764
2019-05-15 20:00,2019-05-15 22:00,0,0,0,4.325
2019-05-15 21:00,2019-05-15 23:00,0,0,0,3.954
2019-05-15 22:00,2019-05-16 00:00,0,0,0,3.616
2019-05-15 23:00,2019-05-16 01:00,0,0,0,3.275
2019-05-16 00:00,2019-05-16 02:00,0,0,0,3.002
2019-05-16 01:00,2019-05-16 03:00,0,0,0,2.757
2019-05-16 02:00,2019-05-16 04:00,0,0,0,2.571
2019-05-16 03:00,2019-05-16 05:00,0,0,0.001,2.459
2019-05-16 04:00,2019-05-16 06:00,0.084,0,0.042,3.208
2019-05-16 05:00,2019-05-16 07:00,0.283,0.003,0.110,4.494
2019-05-16 06:00,2019-05-16 08:00,0.573,0.041,0.174,5.794
2019-05-16 07:00,2019-05-16 09:00,0.769,0.060,0.226,6.927
2019-05-16 08:00,2019-05-16 10:00,1.038,0.111,0.276,8.014
2019-05-16 09:00,2019-05-16 11:00,1.322,0.197,0.303,9.049
2019-05-16 10:00,2019-05-16 12:00,1.595,0.315,0.301,10.061
2019-05-16 11:00,2019-05-16 13:00,1.607,0.314,0.309,10.754
2019-05-16 12:00,2019-05-16 14:00,1.466,0.251,0.313,11.044
2019-05-16 13:00,2019-05-16 15:00,1.220,0.166,0.299,10.935
2019-05-16 14:00,2019-05-16 16:00,0.844,0.072,0.247,10.432
2019-05-16 15:00,2019-05-16 17:00,0.537,0.030,0.177,9.822
2019-05-16 16:00,2019-05-16 18:00,0.289,0.011,0.106,9.168
2019-05-16 17:00,2019-05-16 19:00,0.154,0.006,0.063,8.504
2019-05-16 18:00,2019-05-16 20:00,0.014,0,0.013,6.894
2019-05-16 19:00,2019-05-16 21:00,0,0,0,5.116
2019-05-16 20:00,2019-05-16 22:00,0,0,0,4.212
2019-05-16 21:00,2019-05-16 23:00,0,0,0,3.747
2019-05-16 22:00,2019-05-17 00:00,0,0,0,3.682
2019-05-16 23:00,2019-05-17 01:00,0,0,0,3.685
2019-05-17 00:00,2019-05-17 02:00,0,0,0,3.498
2019-05-17 01:00,2019-05-17 03:00,0,0,0,3.281
2019-05-17 02:00,2019-05-17 04:00,0,0,0,3.111
2019-05-17 03:00,2019-05-17 05:00,0,0,0.002,2.954
2019-05-17 04:00,2019-05-17 06:00,0.090,0,0.045,4.237
2019-05-17 05:00,2019-05-17 07:00,0.216,0.011,0.080,6.341
2019-05-17 06:00,2019-05-17 08:00,0.680,0.178,0.078,9.009
2019-05-17 07:00,2019-05-17 09:00,1.202,0.375,0.084,11.812
2019-05-17 08:00,2019-05-17 10:00,1.648,0.562,0.091,13.881
2019-05-17 09:00,2019-05-17 11:00,1.962,0.705,0.101,15.384
2019-05-17 10:00,2019-05-17 12:00,2.117,0.772,0.115,16.424
2019-05-17 11:00,2019-05-17 13:00,2.106,0.746,0.140,17.010
2019-05-17 12:00,2019-05-17 14:00,1.893,0.599,0.182,17.150
2019-05-17 13:00,2019-05-17 15:00,1.509,0.376,0.226,16.911
2019-05-17 14:00,2019-05-17 16:00,1.108,0.205,0.228,16.419
2019-05-17 15:00,2019-05-17 17:00,0.766,0.108,0.189,15.842
2019-05-17 16:00,2019-05-17 18:00,0.451,0.048,0.132,15.092
2019-05-17 17:00,2019-05-17 19:00,0.175,0.012,0.067,13.700
2019-05-17 18:00,2019-05-17 20:00,0.011,0,0.012,11.697
2019-05-17 19:00,2019-05-17 21:00,0,0,0,10.600
2019-05-17 20:00,2019-05-17 22:00,0,0,0,9.792
2019-05-17 21:00,2019-05-17 23:00,0,0,0,9.017
2019-05-17 22:00,2019-05-18 00:00,0,0,0,8.311
2019-05-17 23:00,2019-05-18 01:00,0,0,0,7.728
2019-05-18 00:00,2019-05-18 02:00,0,0,0,7.098
2019-05-18 01:00,2019-05-18 03:00,0,0,0,6.502
2019-05-18 02:00,2019-05-18 04:00,0,0,0,6.174
2019-05-18 03:00,2019-05-18 05:00,0,0,0.002,5.907
2019-05-18 04:00,2019-05-18 06:00,0.095,0,0.047,7.029
2019-05-18 05:00,2019-05-18 07:00,0.235,0.010,0.088,8.826
2019-05-18 06:00,2019-05-18 08:00,0.652,0.139,0.110,11.112
2019-05-18 07:00,2019-05-18 09:00,1.101,0.296,0.127,13.423
2019-05-18 08:00,2019-05-18 10:00,1.525,0.472,0.132,15.301
2019-05-18 09:00,2019-05-18 11:00,1.773,0.565,0.156,16.667
2019-05-18 10:00,2019-05-18 12:00,1.821,0.544,0.203,17.455
2019-05-18 11:00,2019-05-18 13:00,1.643,0.393,0.272,17.715
2019-05-18 12:00,2019-05-18 14:00,1.195,0.159,0.312,17.387
2019-05-18 13:00,2019-05-18 15:00,0.822,0.059,0.261,16.987
2019-05-18 14:00,2019-05-18 16:00,0.622,0.036,0.209,16.578
2019-05-18 15:00,2019-05-18 17:00,0.575,0.045,0.182,16.383
2019-05-18 16:00,2019-05-18 18:00,0.512,0.063,0.140,16.039
2019-05-18 17:00,2019-05-18 19:00,0.258,0.032,0.078,14.708
2019-05-18 18:00,2019-05-18 20:00,0.020,0,0.017,12.195
2019-05-18 19:00,2019-05-18 21:00,0,0,0,10.756
2019-05-18 20:00,2019-05-18 22:00,0,0,0,10.166
2019-05-18 21:00,2019-05-18 23:00,0,0,0,9.622
2019-05-18 22:00,2019-05-19 00:00,0,0,0,9.193
2019-05-18 23:00,2019-05-19 01:00,0,0,0,8.737
2019-05-19 00:00,2019-05-19 02:00,0,0,0,8.382
2019-05-19 01:00,2019-05-19 03:00,0,0,0,8.060
2019-05-19 02:00,2019-05-19 04:00,0,0,0,7.750
2019-05-19 03:00,2019-05-19 05:00,0,0,0.002,7.469
2019-05-19 04:00,2019-05-19 06:00,0.070,0,0.038,8.158
2019-05-19 05:00,2019-05-19 07:00,0.227,0.001,0.095,9.536
2019-05-19 06:00,2019-05-19 08:00,0.527,0.033,0.171,10.888
2019-05-19 07:00,2019-05-19 09:00,0.922,0.141,0.211,12.942
2019-05-19 08:00,2019-05-19 10:00,1.340,0.320,0.203,14.792
2019-05-19 09:00,2019-05-19 11:00,1.833,0.597,0.153,16.800
2019-05-19 10:00,2019-05-19 12:00,2.024,0.694,0.155,17.938
2019-05-19 11:00,2019-05-19 13:00,1.994,0.651,0.186,18.376
2019-05-19 12:00,2019-05-19 14:00,1.803,0.520,0.223,18.469
2019-05-19 13:00,2019-05-19 15:00,1.553,0.387,0.241,18.356
2019-05-19 14:00,2019-05-19 16:00,1.119,0.192,0.249,17.895
2019-05-19 15:00,2019-05-19 17:00,0.567,0.040,0.185,17.058
2019-05-19 16:00,2019-05-19 18:00,0.215,0.006,0.088,15.974
2019-05-19 17:00,2019-05-19 19:00,0.060,0.001,0.033,14.638
2019-05-19 18:00,2019-05-19 20:00,0,0,0.005,13.821
2019-05-19 19:00,2019-05-19 21:00,0,0,0,13.639
2019-05-19 20:00,2019-05-19 22:00,0,0,0,13.359
2019-05-19 21:00,2019-05-19 23:00,0,0,0,12.485
2019-05-19 22:00,2019-05-20 00:00,0,0,0,11.964
2019-05-19 23:00,2019-05-20 01:00,0,0,0,11.453
2019-05-20 00:00,2019-05-20 02:00,0,0,0,10.860
2019-05-20 01:00,2019-05-20 03:00,0,0,0,10.325
2019-05-20 02:00,2019-05-20 04:00,0,0,0,9.937
2019-05-20 03:00,2019-05-20 05:00,0,0,0.001,9.454
2019-05-20 04:00,2019-05-20 06:00,0.032,0,0.022,9.505
2019-05-20 05:00,2019-05-20 07:00,0.148,0,0.067,9.748
2019-05-20 06:00,2019-05-20 08:00,0.317,0.003,0.125,10.137
2019-05-20 07:00,2019-05-20 09:00,0.490,0.008,0.182,10.900
2019-05-20 08:00,2019-05-20 10:00,0.561,0.010,0.207,11.827
2019-05-20 09:00,2019-05-20 11:00,0.545,0.008,0.204,12.468
2019-05-20 10:00,2019-05-20 12:00,0.513,0.007,0.194,12.851
2019-05-20 11:00,2019-05-20 13:00,0.456,0.005,0.175,13.068
2019-05-20 12:00,2019-05-20 14:00,0.403,0.004,0.157,13.122
2019-05-20 13:00,2019-05-20 15:00,0.327,0.003,0.130,12.998
2019-05-20 14:00,2019-05-20 16:00,0.240,0.002,0.100,12.773
2019-05-20 15:00,2019-05-20 17:00,0.153,0.001,0.069,12.492
2019-05-20 16:00,2019-05-20 18:00,0.074,0.001,0.039,12.162
2019-05-20 17:00,2019-05-20 19:00,0.021,0,0.017,11.814
2019-05-20 18:00,2019-05-20 20:00,0,0,0.003,11.504
2019-05-20 19:00,2019-05-20 21:00,0,0,0,11.240
2019-05-20 20:00,2019-05-20 22:00,0,0,0,10.845
2019-05-20 21:00,2019-05-20 23:00,0,0,0,10.538
2019-05-20 22:00,2019-05-21 00:00,0,0,0,10.380
2019-05-20 23:00,2019-05-21 01:00,0,0,0,10.330
2019-05-21 00:00,2019-05-21 02:00,0,0,0,10.270
2019-05-21 01:00,2019-05-21 03:00,0,0,0,10.168
2019-05-21 02:00,2019-05-21 04:00,0,0,0,10.038
2019-05-21 03:00,2019-05-21 05:00,0,0,0,9.848
2019-05-21 04:00,2019-05-21 06:00,0.009,0,0.011,9.718
2019-05-21 05:00,2019-05-21 07:00,0.071,0,0.038,9.690
2019-05-21 06:00,2019-05-21 08:00,0.132,0.001,0.061,9.722
2019-05-21 07:00,2019-05-21 09:00,0.176,0.001,0.077,9.792
2019-05-21 08:00,2019-05-21 10:00,0.246,0.001,0.101,9.922
2019-05-21 09:00,2019-05-21 11:00,0.309,0.002,0.123,10.102
2019-05-21 10:00,2019-05-21 12:00,0.364,0.003,0.142,10.376
2019-05-21 11:00,2019-05-21 13:00,0.401,0.004,0.155,10.671
2019-05-21 12:00,2019-05-21 14:00,0.392,0.004,0.152,10.887
2019-05-21 13:00,2019-05-21 15:00,0.385,0.004,0.149,11.072
2019-05-21 14:00,2019-05-21 16:00,0.317,0.003,0.125,11.091
2019-05-21 15:00,2019-05-21 17:00,0.196,0.002,0.083,10.873
2019-05-21 16:00,2019-05-21 18:00,0.096,0.001,0.047,10.551
2019-05-21 17:00,2019-05-21 19:00,0.033,0,0.022,10.205
2019-05-21 18:00,2019-05-21 20:00,0,0,0.004,9.810
2019-05-21 19:00,2019-05-21 21:00,0,0,0,9.476
2019-05-21 20:00,2019-05-21 22:00,0,0,0,9.260
2019-05-21 21:00,2019-05-21 23:00,0,0,0,9.177
2019-05-21 22:00,2019-05-22 00:00,0,0,0,9.138
2019-05-21 23:00,2019-05-22 01:00,0,0,0,9.097
2019-05-22 00:00,2019-05-22 02:00,0,0,0,9.031
2019-05-22 01:00,2019-05-22 03:00,0,0,0,8.947
2019-05-22 02:00,2019-05-22 04:00,0,0,0,8.872
2019-05-22 03:00,2019-05-22 05:00,0,0,0.001,8.715
2019-05-22 04:00,2019-05-22 06:00,0.028,0,0.020,8.714
2019-05-22 05:00,2019-05-22 07:00,0.114,0,0.054,8.988
2019-05-22 06:00,2019-05-22 08:00,0.211,0.002,0.088,9.405
2019-05-22 07:00,2019-05-22 09:00,0.336,0.004,0.130,9.897
2019-05-22 08:00,2019-05-22 10:00,0.524,0.011,0.191,10.586
2019-05-22 09:00,2019-05-22 11:00,0.956,0.058,0.305,11.712
2019-05-22 10:00,2019-05-22 12:00,1.477,0.235,0.341,13.100
2019-05-22 11:00,2019-05-22 13:00,1.623,0.317,0.325,14.012
2019-05-22 12:00,2019-05-22 14:00,1.398,0.214,0.332,14.170
2019-05-22 13:00,2019-05-22 15:00,1.255,0.178,0.308,14.115
2019-05-22 14:00,2019-05-22 16:00,1.100,0.155,0.268,13.970
2019-05-22 15:00,2019-05-22 17:00,0.793,0.090,0.215,13.624
2019-05-22 16:00,2019-05-22 18:00,0.473,0.038,0.148,13.091
2019-05-22 17:00,2019-05-22 19:00,0.193,0.009,0.075,12.212
2019-05-22 18:00,2019-05-22 20:00,0.019,0,0.016,10.537
2019-05-22 19:00,2019-05-22 21:00,0,0,0,9.162
2019-05-22 20:00,2019-05-22 22:00,0,0,0,8.432
2019-05-22 21:00,2019-05-22 23:00,0,0,0,7.713
2019-05-22 22:00,2019-05-23 00:00,0,0,0,7.227
2019-05-22 23:00,2019-05-23 01:00,0,0,0,6.976
2019-05-23 00:00,2019-05-23 02:00,0,0,0,6.689
2019-05-23 01:00,2019-05-23 03:00,0,0,0,6.215
2019-05-23 02:00,2019-05-23 04:00,0,0,0,5.729
2019-05-23 03:00,2019-05-23 05:00,0,0,0.003,5.491
2019-05-23 04:00,2019-05-23 06:00,0.097,0,0.048,6.559
2019-05-23 05:00,2019-05-23 07:00,0.245,0.010,0.092,7.787
2019-05-23 06:00,2019-05-23 08:00,0.669,0.172,0.082,10.126
2019-05-23 07:00,2019-05-23 09:00,1.184,0.371,0.082,12.002
2019-05-23 08:00,2019-05-23 10:00,1.634,0.559,0.086,13.357
2019-05-23 09:00,2019-05-23 11:00,2.003,0.736,0.084,14.461
2019-05-23 10:00,2019-05-23 12:00,2.222,0.850,0.085,15.343
2019-05-23 11:00,2019-05-23 13:00,2.314,0.902,0.086,16.028
2019-05-23 12:00,2019-05-23 14:00,2.285,0.891,0.085,16.444
2019-05-23 13:00,2019-05-23 15:00,2.135,0.816,0.082,16.597
2019-05-23 14:00,2019-05-23 16:00,1.860,0.685,0.077,16.481
2019-05-23 15:00,2019-05-23 17:00,1.459,0.507,0.071,16.140
2019-05-23 16:00,2019-05-23 18:00,0.933,0.294,0.067,15.498
2019-05-23 17:00,2019-05-23 19:00,0.377,0.094,0.058,14.327
2019-05-23 18:00,2019-05-23 20:00,0.026,0,0.019,11.875
2019-05-23 19:00,2019-05-23 21:00,0,0,0,10.576
2019-05-23 20:00,2019-05-23 22:00,0,0,0,9.947
2019-05-23 21:00,2019-05-23 23:00,0,0,0,9.355
2019-05-23 22:00,2019-05-24 00:00,0,0,0,8.881
2019-05-23 23:00,2019-05-24 01:00,0,0,0,8.555
2019-05-24 00:00,2019-05-24 02:00,0,0,0,8.292
2019-05-24 01:00,2019-05-24 03:00,0,0,0,8.067
2019-05-24 02:00,2019-05-24 04:00,0,0,0,7.925
2019-05-24 03:00,2019-05-24 05:00,0,0,0.004,7.672
2019-05-24 04:00,2019-05-24 06:00,0.090,0,0.045,8.353
2019-05-24 05:00,2019-05-24 07:00,0.192,0.017,0.066,10.753
2019-05-24 06:00,2019-05-24 08:00,0.665,0.184,0.073,12.938
2019-05-24 07:00,2019-05-24 09:00,1.180,0.381,0.077,14.998
2019-05-24 08:00,2019-05-24 10:00,1.631,0.573,0.081,16.123
2019-05-24 09:00,2019-05-24 11:00,1.970,0.733,0.084,17.025
2019-05-24 10:00,2019-05-24 12:00,2.182,0.843,0.087,17.777
2019-05-24 11:00,2019-05-24 13:00,2.271,0.893,0.088,18.342
2019-05-24 12:00,2019-05-24 14:00,2.238,0.878,0.087,18.685
2019-05-24 13:00,2019-05-24 15:00,2.077,0.794,0.087,18.785
2019-05-24 14:00,2019-05-24 16:00,1.798,0.658,0.083,18.612
2019-05-24 15:00,2019-05-24 17:00,1.407,0.485,0.078,18.216
2019-05-24 16:00,2019-05-24 18:00,0.898,0.278,0.073,17.605
2019-05-24 17:00,2019-05-24 19:00,0.344,0.076,0.066,16.620
2019-05-24 18:00,2019-05-24 20:00,0.025,0,0.019,15.079
2019-05-24 19:00,2019-05-24 21:00,0,0,0,14.404
2019-05-24 20:00,2019-05-24 22:00,0,0,0,13.768
2019-05-24 21:00,2019-05-24 23:00,0,0,0,13.211
2019-05-24 22:00,2019-05-25 00:00,0,0,0,12.909
2019-05-24 23:00,2019-05-25 01:00,0,0,0,12.622
2019-05-25 00:00,2019-05-25 02:00,0,0,0,12.259
2019-05-25 01:00,2019-05-25 03:00,0,0,0,11.790
2019-05-25 02:00,2019-05-25 04:00,0,0,0,11.307
2019-05-25 03:00,2019-05-25 05:00,0,0,0.005,10.834
2019-05-25 04:00,2019-05-25 06:00,0.122,0,0.058,11.187
2019-05-25 05:00,2019-05-25 07:00,0.287,0.012,0.107,12.900
2019-05-25 06:00,2019-05-25 08:00,0.655,0.091,0.164,15.040
2019-05-25 07:00,2019-05-25 09:00,0.886,0.107,0.238,16.831
2019-05-25 08:00,2019-05-25 10:00,0.905,0.067,0.286,17.072
2019-05-25 09:00,2019-05-25 11:00,0.761,0.030,0.267,16.846
2019-05-25 10:00,2019-05-25 12:00,0.855,0.038,0.296,16.977
2019-05-25 11:00,2019-05-25 13:00,0.853,0.037,0.296,17.014
2019-05-25 12:00,2019-05-25 14:00,0.780,0.031,0.274,16.897
2019-05-25 13:00,2019-05-25 15:00,0.634,0.020,0.229,16.628
2019-05-25 14:00,2019-05-25 16:00,0.484,0.013,0.180,16.277
2019-05-25 15:00,2019-05-25 17:00,0.340,0.008,0.132,15.927
2019-05-25 16:00,2019-05-25 18:00,0.213,0.004,0.089,15.319
2019-05-25 17:00,2019-05-25 19:00,0.099,0.002,0.048,14.343
2019-05-25 18:00,2019-05-25 20:00,0.008,0,0.011,13.265
2019-05-25 19:00,2019-05-25 21:00,0,0,0,12.244
2019-05-25 20:00,2019-05-25 22:00,0,0,0,11.515
2019-05-25 21:00,2019-05-25 23:00,0,0,0,11.003
2019-05-25 22:00,2019-05-26 00:00,0,0,0,10.683
2019-05-25 23:00,2019-05-26 01:00,0,0,0,10.424
2019-05-26 00:00,2019-05-26 02:00,0,0,0,10.146
2019-05-26 01:00,2019-05-26 03:00,0,0,0,9.813
2019-05-26 02:00,2019-05-26 04:00,0,0,0,9.457
2019-05-26 03:00,2019-05-26 05:00,0,0,0.003,9.142
2019-05-26 04:00,2019-05-26 06:00,0.091,0,0.046,9.962
2019-05-26 05:00,2019-05-26 07:00,0.275,0.003,0.110,10.884
2019-05-26 06:00,2019-05-26 08:00,0.588,0.062,0.165,12.306
2019-05-26 07:00,2019-05-26 09:00,0.986,0.200,0.179,13.999
2019-05-26 08:00,2019-05-26 10:00,1.450,0.410,0.163,15.703
2019-05-26 09:00,2019-05-26 11:00,1.589,0.428,0.209,16.693
2019-05-26 10:00,2019-05-26 12:00,1.639,0.415,0.247,17.249
2019-05-26 11:00,2019-05-26 13:00,1.769,0.488,0.236,17.781
2019-05-26 12:00,2019-05-26 14:00,1.767,0.505,0.220,18.141
2019-05-26 13:00,2019-05-26 15:00,1.725,0.519,0.187,18.403
2019-05-26 14:00,2019-05-26 16:00,1.507,0.443,0.164,18.458
2019-05-26 15:00,2019-05-26 17:00,1.189,0.329,0.142,18.276
2019-05-26 16:00,2019-05-26 18:00,0.690,0.144,0.128,17.815
2019-05-26 17:00,2019-05-26 19:00,0.287,0.038,0.083,17.146
2019-05-26 18:00,2019-05-26 20:00,0.029,0,0.021,15.951
2019-05-26 19:00,2019-05-26 21:00,0,0,0,15.360
2019-05-26 20:00,2019-05-26 22:00,0,0,0,14.971
2019-05-26 21:00,2019-05-26 23:00,0,0,0,14.482
2019-05-26 22:00,2019-05-27 00:00,0,0,0,13.752
2019-05-26 23:00,2019-05-27 01:00,0,0,0,13.090
2019-05-27 00:00,2019-05-27 02:00,0,0,0,12.385
2019-05-27 01:00,2019-05-27 03:00,0,0,0,11.763
2019-05-27 02:00,2019-05-27 04:00,0,0,0,11.250
2019-05-27 03:00,2019-05-27 05:00,0,0,0.004,10.688
2019-05-27 04:00,2019-05-27 06:00,0.104,0,0.051,11.353
2019-05-27 05:00,2019-05-27 07:00,0.306,0.004,0.122,12.983
2019-05-27 06:00,2019-05-27 08:00,0.603,0.055,0.181,15.354
2019-05-27 07:00,2019-05-27 09:00,0.923,0.132,0.228,16.543
2019-05-27 08:00,2019-05-27 10:00,1.167,0.191,0.267,17.006
2019-05-27 09:00,2019-05-27 11:00,1.525,0.346,0.267,17.779
2019-05-27 10:00,2019-05-27 12:00,1.595,0.346,0.300,18.213
2019-05-27 11:00,2019-05-27 13:00,1.376,0.206,0.343,18.208
2019-05-27 12:00,2019-05-27 14:00,1.121,0.109,0.333,17.945
2019-05-27 13:00,2019-05-27 15:00,0.830,0.049,0.276,17.523
2019-05-27 14:00,2019-05-27 16:00,0.575,0.022,0.205,17.057
2019-05-27 15:00,2019-05-27 17:00,0.421,0.014,0.156,16.520
2019-05-27 16:00,2019-05-27 18:00,0.230,0.005,0.094,15.758
2019-05-27 17:00,2019-05-27 19:00,0.074,0.001,0.039,14.833
2019-05-27 18:00,2019-05-27 20:00,0.003,0,0.008,13.658
2019-05-27 19:00,2019-05-27 21:00,0,0,0,12.899
2019-05-27 20:00,2019-05-27 22:00,0,0,0,12.358
2019-05-27 21:00,2019-05-27 23:00,0,0,0,11.885
2019-05-27 22:00,2019-05-28 00:00,0,0,0,11.534
2019-05-27 23:00,2019-05-28 01:00,0,0,0,11.333
2019-05-28 00:00,2019-05-28 02:00,0,0,0,11.169
2019-05-28 01:00,2019-05-28 03:00,0,0,0,10.964
2019-05-28 02:00,2019-05-28 04:00,0,0,0,10.740
2019-05-28 03:00,2019-05-28 05:00,0,0,0.001,10.577
2019-05-28 04:00,2019-05-28 06:00,0.021,0,0.017,10.700
2019-05-28 05:00,2019-05-28 07:00,0.097,0,0.048,10.911
2019-05-28 06:00,2019-05-28 08:00,0.205,0.001,0.087,11.334
2019-05-28 07:00,2019-05-28 09:00,0.317,0.003,0.126,11.873
2019-05-28 08:00,2019-05-28 10:00,0.423,0.005,0.163,12.327
2019-05-28 09:00,2019-05-28 11:00,0.466,0.005,0.178,12.588
2019-05-28 10:00,2019-05-28 12:00,0.487,0.006,0.185,12.674
2019-05-28 11:00,2019-05-28 13:00,0.487,0.006,0.185,12.598
2019-05-28 12:00,2019-05-28 14:00,0.456,0.005,0.174,12.394
2019-05-28 13:00,2019-05-28 15:00,0.492,0.007,0.185,12.208
2019-05-28 14:00,2019-05-28 16:00,0.419,0.006,0.159,11.910
2019-05-28 15:00,2019-05-28 17:00,0.357,0.006,0.137,11.583
2019-05-28 16:00,2019-05-28 18:00,0.231,0.004,0.094,11.141
2019-05-28 17:00,2019-05-28 19:00,0.093,0.001,0.046,10.456
2019-05-28 18:00,2019-05-28 20:00,0.009,0,0.011,9.565
2019-05-28 19:00,2019-05-28 21:00,0,0,0,8.964
2019-05-28 20:00,2019-05-28 22:00,0,0,0,8.691
2019-05-28 21:00,2019-05-28 23:00,0,0,0,8.492
2019-05-28 22:00,2019-05-29 00:00,0,0,0,8.309
2019-05-28 23:00,2019-05-29 01:00,0,0,0,8.105
2019-05-29 00:00,2019-05-29 02:00,0,0,0,7.940
2019-05-29 01:00,2019-05-29 03:00,0,0,0,7.799
2019-05-29 02:00,2019-05-29 04:00,0,0,0,7.641
2019-05-29 03:00,2019-05-29 05:00,0,0,0.002,7.569
2019-05-29 04:00,2019-05-29 06:00,0.039,0,0.025,7.736
2019-05-29 05:00,2019-05-29 07:00,0.138,0,0.063,8.106
2019-05-29 06:00,2019-05-29 08:00,0.300,0.003,0.118,8.642
2019-05-29 07:00,2019-05-29 09:00,0.418,0.006,0.157,9.242
2019-05-29 08:00,2019-05-29 10:00,0.612,0.014,0.220,9.951
2019-05-29 09:00,2019-05-29 11:00,0.864,0.033,0.294,10.779
2019-05-29 10:00,2019-05-29 12:00,1.006,0.051,0.331,11.463
2019-05-29 11:00,2019-05-29 13:00,1.102,0.068,0.352,11.916
2019-05-29 12:00,2019-05-29 14:00,0.935,0.044,0.311,11.902
2019-05-29 13:00,2019-05-29 15:00,0.778,0.029,0.267,11.704
2019-05-29 14:00,2019-05-29 16:00,0.562,0.015,0.201,11.346
2019-05-29 15:00,2019-05-29 17:00,0.355,0.007,0.135,10.896
2019-05-29 16:00,2019-05-29 18:00,0.205,0.003,0.085,10.472
2019-05-29 17:00,2019-05-29 19:00,0.144,0.003,0.063,10.065
2019-05-29 18:00,2019-05-29 20:00,0.019,0,0.016,9.194
2019-05-29 19:00,2019-05-29 21:00,0,0,0,8.383
2019-05-29 20:00,2019-05-29 22:00,0,0,0,8.326
2019-05-29 21:00,2019-05-29 23:00,0,0,0,8.312
2019-05-29 22:00,2019-05-30 00:00,0,0,0,8.103
2019-05-29 23:00,2019-05-30 01:00,0,0,0,7.771
2019-05-30 00:00,2019-05-30 02:00,0,0,0,7.325
2019-05-30 01:00,2019-05-30 03:00,0,0,0,6.843
2019-05-30 02:00,2019-05-30 04:00,0,0,0,6.481
2019-05-30 03:00,2019-05-30 05:00,0.001,0,0.006,6.250
2019-05-30 04:00,2019-05-30 06:00,0.117,0,0.055,7.217
2019-05-30 05:00,2019-05-30 07:00,0.265,0.012,0.097,8.528
2019-05-30 06:00,2019-05-30 08:00,0.681,0.164,0.095,10.495
2019-05-30 07:00,2019-05-30 09:00,1.144,0.329,0.107,12.014
2019-05-30 08:00,2019-05-30 10:00,1.509,0.461,0.129,13.143
2019-05-30 09:00,2019-05-30 11:00,1.782,0.569,0.145,14.010
2019-05-30 10:00,2019-05-30 12:00,1.966,0.654,0.150,14.755
2019-05-30 11:00,2019-05-30 13:00,2.113,0.745,0.136,15.477
2019-05-30 12:00,2019-05-30 14:00,2.152,0.786,0.118,16.046
2019-05-30 13:00,2019-05-30 15:00,2.062,0.758,0.102,16.404
2019-05-30 14:00,2019-05-30 16:00,1.818,0.650,0.092,16.474
2019-05-30 15:00,2019-05-30 17:00,1.424,0.479,0.085,16.263
2019-05-30 16:00,2019-05-30 18:00,0.935,0.286,0.077,15.796
2019-05-30 17:00,2019-05-30 19:00,0.384,0.087,0.068,15.053
2019-05-30 18:00,2019-05-30 20:00,0.042,0,0.027,13.647
2019-05-30 19:00,2019-05-30 21:00,0,0,0,13.223
2019-05-30 20:00,2019-05-30 22:00,0,0,0,12.273
2019-05-30 21:00,2019-05-30 23:00,0,0,0,11.128
2019-05-30 22:00,2019-05-31 00:00,0,0,0,10.120
2019-05-30 23:00,2019-05-31 01:00,0,0,0,9.376
2019-05-31 00:00,2019-05-31 02:00,0,0,0,8.958
2019-05-31 01:00,2019-05-31 03:00,0,0,0,8.698
2019-05-31 02:00,2019-05-31 04:00,0,0,0,8.490
2019-05-31 03:00,2019-05-31 05:00,0,0,0.005,8.437
2019-05-31 04:00,2019-05-31 06:00,0.107,0,0.052,9.522
2019-05-31 05:00,2019-05-31 07:00,0.289,0.003,0.116,11.188
2019-05-31 06:00,2019-05-31 08:00,0.555,0.038,0.178,12.847
2019-05-31 07:00,2019-05-31 09:00,0.884,0.120,0.221,14.616
2019-05-31 08:00,2019-05-31 10:00,1.367,0.336,0.203,15.942
2019-05-31 09:00,2019-05-31 11:00,1.690,0.490,0.194,16.935
2019-05-31 10:00,2019-05-31 12:00,1.821,0.530,0.218,17.583
2019-05-31 11:00,2019-05-31 13:00,1.577,0.339,0.297,17.779
2019-05-31 12:00,2019-05-31 14:00,1.255,0.180,0.316,17.659
2019-05-31 13:00,2019-05-31 15:00,1.299,0.228,0.287,17.792
2019-05-31 14:00,2019-05-31 16:00,1.273,0.273,0.231,17.896
2019-05-31 15:00,2019-05-31 17:00,1.004,0.204,0.190,17.739
2019-05-31 16:00,2019-05-31 18:00,0.587,0.085,0.148,17.284
2019-05-31 17:00,2019-05-31 19:00,0.295,0.034,0.090,16.696
2019-05-31 18:00,2019-05-31 20:00,0.043,0,0.027,15.214
2019-05-31 19:00,2019-05-31 21:00,0,0,0,13.896
2019-05-31 20:00,2019-05-31 22:00,0,0,0,12.871
2019-05-31 21:00,2019-05-31 23:00,0,0,0,11.811
2019-05-31 22:00,2019-06-01 00:00,0,0,0,11.056
2019-05-31 23:00,2019-06-01 01:00,0,0,0,10.525
2019-06-01 00:00,2019-06-01 02:00,0,0,0,10.219
2019-06-01 01:00,2019-06-01 03:00,0,0,0,10.150
2019-06-01 02:00,2019-06-01 04:00,0,0,0,10.207
2019-06-01 03:00,2019-06-01 05:00,0.003,0,0.007,10.198
2019-06-01 04:00,2019-06-01 06:00,0.095,0,0.048,11.429
2019-06-01 05:00,2019-06-01 07:00,0.197,0.021,0.065,13.677
2019-06-01 06:00,2019-06-01 08:00,0.672,0.189,0.074,15.941
2019-06-01 07:00,2019-06-01 09:00,1.169,0.380,0.081,17.886
2019-06-01 08:00,2019-06-01 10:00,1.593,0.561,0.087,18.980
2019-06-01 09:00,2019-06-01 11:00,1.907,0.708,0.093,19.899
2019-06-01 10:00,2019-06-01 12:00,2.105,0.810,0.097,20.629
2019-06-01 11:00,2019-06-01 13:00,2.188,0.856,0.099,21.134
2019-06-01 12:00,2019-06-01 14:00,2.161,0.844,0.097,21.419
2019-06-01 13:00,2019-06-01 15:00,2.012,0.767,0.096,21.459
2019-06-01 14:00,2019-06-01 16:00,1.748,0.639,0.091,21.278
2019-06-01 15:00,2019-06-01 17:00,1.375,0.473,0.084,20.929
2019-06-01 16:00,2019-06-01 18:00,0.901,0.283,0.076,20.386
2019-06-01 17:00,2019-06-01 19:00,0.397,0.102,0.062,19.466
2019-06-01 18:00,2019-06-01 20:00,0.043,0,0.027,17.388
2019-06-01 19:00,2019-06-01 21:00,0,0,0,16.045
2019-06-01 20:00,2019-06-01 22:00,0,0,0,15.510
2019-06-01 21:00,2019-06-01 23:00,0,0,0,14.927
2019-06-01 22:00,2019-06-02 00:00,0,0,0,14.287
2019-06-01 23:00,2019-06-02 01:00,0,0,0,13.814
2019-06-02 00:00,2019-06-02 02:00,0,0,0,13.423
2019-06-02 01:00,2019-06-02 03:00,0,0,0,13.197
2019-06-02 02:00,2019-06-02 04:00,0,0,0,12.923
2019-06-02 03:00,2019-06-02 05:00,0.003,0,0.007,12.538
2019-06-02 04:00,2019-06-02 06:00,0.106,0,0.052,13.432
2019-06-02 05:00,2019-06-02 07:00,0.201,0.020,0.069,15.675
2019-06-02 06:00,2019-06-02 08:00,0.670,0.192,0.072,17.423
2019-06-02 07:00,2019-06-02 09:00,1.169,0.389,0.077,19.809
2019-06-02 08:00,2019-06-02 10:00,1.594,0.573,0.083,21.002
2019-06-02 09:00,2019-06-02 11:00,1.911,0.726,0.088,21.919
2019-06-02 10:00,2019-06-02 12:00,2.113,0.833,0.090,22.607
2019-06-02 11:00,2019-06-02 13:00,2.201,0.883,0.091,23.042
2019-06-02 12:00,2019-06-02 14:00,2.174,0.870,0.091,23.239
2019-06-02 13:00,2019-06-02 15:00,2.034,0.797,0.087,23.206
2019-06-02 14:00,2019-06-02 16:00,1.778,0.670,0.083,22.934
2019-06-02 15:00,2019-06-02 17:00,1.403,0.499,0.076,22.511
2019-06-02 16:00,2019-06-02 18:00,0.927,0.302,0.069,21.792
2019-06-02 17:00,2019-06-02 19:00,0.411,0.111,0.058,20.469
2019-06-02 18:00,2019-06-02 20:00,0.043,0,0.028,17.727
2019-06-02 19:00,2019-06-02 21:00,0,0,0,15.797
2019-06-02 20:00,2019-06-02 22:00,0,0,0,15.220
2019-06-02 21:00,2019-06-02 23:00,0,0,0,14.857
2019-06-02 22:00,2019-06-03 00:00,0,0,0,14.489
2019-06-02 23:00,2019-06-03 01:00,0,0,0,14.215
2019-06-03 00:00,2019-06-03 02:00,0,0,0,13.997
2019-06-03 01:00,2019-06-03 03:00,0,0,0,13.665
2019-06-03 02:00,2019-06-03 04:00,0,0,0,13.333
2019-06-03 03:00,2019-06-03 05:00,0.004,0,0.008,12.916
2019-06-03 04:00,2019-06-03 06:00,0.086,0,0.045,14.057
2019-06-03 05:00,2019-06-03 07:00,0.182,0.023,0.059,16.412
2019-06-03 06:00,2019-06-03 08:00,0.672,0.199,0.067,18.252
2019-06-03 07:00,2019-06-03 09:00,1.169,0.394,0.074,20.870
2019-06-03 08:00,2019-06-03 10:00,1.590,0.579,0.080,22.402
2019-06-03 09:00,2019-06-03 11:00,1.904,0.732,0.085,23.332
2019-06-03 10:00,2019-06-03 12:00,2.103,0.838,0.089,24.065
2019-06-03 11:00,2019-06-03 13:00,2.186,0.886,0.090,24.550
2019-06-03 12:00,2019-06-03 14:00,2.159,0.873,0.089,24.783
2019-06-03 13:00,2019-06-03 15:00,2.019,0.799,0.086,24.767
2019-06-03 14:00,2019-06-03 16:00,1.763,0.671,0.082,24.569
2019-06-03 15:00,2019-06-03 17:00,1.389,0.499,0.076,24.432
2019-06-03 16:00,2019-06-03 18:00,0.911,0.301,0.069,24.848
2019-06-03 17:00,2019-06-03 19:00,0.405,0.110,0.059,23.196
2019-06-03 18:00,2019-06-03 20:00,0.045,0,0.029,20.426
2019-06-03 19:00,2019-06-03 21:00,0,0,0,18.983
2019-06-03 20:00,2019-06-03 22:00,0,0,0,18.450
2019-06-03 21:00,2019-06-03 23:00,0,0,0,17.865
2019-06-03 22:00,2019-06-04 00:00,0,0,0,16.657
2019-06-03 23:00,2019-06-04 01:00,0,0,0,15.274
2019-06-04 00:00,2019-06-04 02:00,0,0,0,14.036
2019-06-04 01:00,2019-06-04 03:00,0,0,0,13.316
2019-06-04 02:00,2019-06-04 04:00,0,0,0,12.921
2019-06-04 03:00,2019-06-04 05:00,0.002,0,0.007,12.761
2019-06-04 04:00,2019-06-04 06:00,0.118,0,0.057,14.160
2019-06-04 05:00,2019-06-04 07:00,0.275,0.010,0.106,16.292
2019-06-04 06:00,2019-06-04 08:00,0.625,0.124,0.125,19.092
2019-06-04 07:00,2019-06-04 09:00,1.043,0.288,0.130,21.367
2019-06-04 08:00,2019-06-04 10:00,1.427,0.455,0.132,22.982
2019-06-04 09:00,2019-06-04 11:00,1.783,0.629,0.124,22.598
2019-06-04 10:00,2019-06-04 12:00,2.014,0.757,0.117,23.360
2019-06-04 11:00,2019-06-04 13:00,2.113,0.817,0.114,23.852
2019-06-04 12:00,2019-06-04 14:00,2.091,0.808,0.112,24.045
2019-06-04 13:00,2019-06-04 15:00,1.957,0.741,0.107,23.973
2019-06-04 14:00,2019-06-04 16:00,1.706,0.619,0.101,23.658
2019-06-04 15:00,2019-06-04 17:00,1.335,0.452,0.095,23.186
2019-06-04 16:00,2019-06-04 18:00,0.870,0.263,0.087,22.361
2019-06-04 17:00,2019-06-04 19:00,0.384,0.089,0.071,21.003
2019-06-04 18:00,2019-06-04 20:00,0.048,0,0.030,18.621
2019-06-04 19:00,2019-06-04 21:00,0,0,0,16.915
2019-06-04 20:00,2019-06-04 22:00,0,0,0,16.324
2019-06-04 21:00,2019-06-04 23:00,0,0,0,15.762
2019-06-04 22:00,2019-06-05 00:00,0,0,0,15.220
2019-06-04 23:00,2019-06-05 01:00,0,0,0,14.748
2019-06-05 00:00,2019-06-05 02:00,0,0,0,14.349
2019-06-05 01:00,2019-06-05 03:00,0,0,0,13.983
2019-06-05 02:00,2019-06-05 04:00,0,0,0,13.588
2019-06-05 03:00,2019-06-05 05:00,0.004,0,0.008,13.433
2019-06-05 04:00,2019-06-05 06:00,0.109,0,0.054,14.968
2019-06-05 05:00,2019-06-05 07:00,0.216,0.019,0.076,16.858
2019-06-05 06:00,2019-06-05 08:00,0.661,0.181,0.081,18.558
2019-06-05 07:00,2019-06-05 09:00,1.143,0.370,0.087,20.358
2019-06-05 08:00,2019-06-05 10:00,1.558,0.551,0.092,21.870
2019-06-05 09:00,2019-06-05 11:00,1.867,0.702,0.096,23.213
2019-06-05 10:00,2019-06-05 12:00,2.061,0.805,0.099,24.194
2019-06-05 11:00,2019-06-05 13:00,2.143,0.853,0.100,24.777
2019-06-05 12:00,2019-06-05 14:00,2.114,0.838,0.100,24.938
2019-06-05 13:00,2019-06-05 15:00,1.975,0.765,0.097,24.758
2019-06-05 14:00,2019-06-05 16:00,1.720,0.637,0.093,24.335
2019-06-05 15:00,2019-06-05 17:00,1.351,0.468,0.087,23.737
2019-06-05 16:00,2019-06-05 18:00,0.884,0.276,0.080,22.832
2019-06-05 17:00,2019-06-05 19:00,0.390,0.095,0.067,21.434
2019-06-05 18:00,2019-06-05 20:00,0.048,0,0.030,19.287
2019-06-05 19:00,2019-06-05 21:00,0,0,0,17.815
2019-06-05 20:00,2019-06-05 22:00,0,0,0,17.193
2019-06-05 21:00,2019-06-05 23:00,0,0,0,16.602
2019-06-05 22:00,2019-06-06 00:00,0,0,0,16.043
2019-06-05 23:00,2019-06-06 01:00,0,0,0,15.760
2019-06-06 00:00,2019-06-06 02:00,0,0,0,16.032
2019-06-06 01:00,2019-06-06 03:00,0,0,0,16.099
2019-06-06 02:00,2019-06-06 04:00,0,0,0,15.646
2019-06-06 03:00,2019-06-06 05:00,0.003,0,0.007,14.992
2019-06-06 04:00,2019-06-06 06:00,0.135,0,0.064,14.927
2019-06-06 05:00,2019-06-06 07:00,0.314,0.010,0.120,15.442
2019-06-06 06:00,2019-06-06 08:00,0.672,0.113,0.150,16.208
2019-06-06 07:00,2019-06-06 09:00,1.083,0.255,0.170,17.143
2019-06-06 08:00,2019-06-06 10:00,1.353,0.320,0.218,17.829
2019-06-06 09:00,2019-06-06 11:00,1.464,0.313,0.274,18.149
2019-06-06 10:00,2019-06-06 12:00,1.642,0.380,0.289,18.612
2019-06-06 11:00,2019-06-06 13:00,1.515,0.283,0.329,18.831
2019-06-06 12:00,2019-06-06 14:00,1.231,0.147,0.342,18.621
2019-06-06 13:00,2019-06-06 15:00,0.728,0.033,0.254,17.797
2019-06-06 14:00,2019-06-06 16:00,0.392,0.008,0.151,16.609
2019-06-06 15:00,2019-06-06 17:00,0.234,0.004,0.097,15.195
2019-06-06 16:00,2019-06-06 18:00,0.141,0.002,0.064,13.641
2019-06-06 17:00,2019-06-06 19:00,0.094,0.001,0.046,12.253
2019-06-06 18:00,2019-06-06 20:00,0.023,0,0.018,11.255
2019-06-06 19:00,2019-06-06 21:00,0,0,0,10.598
2019-06-06 20:00,2019-06-06 22:00,0,0,0,10.150
2019-06-06 21:00,2019-06-06 23:00,0,0,0,9.693
2019-06-06 22:00,2019-06-07 00:00,0,0,0,9.250
2019-06-06 23:00,2019-06-07 01:00,0,0,0,8.911
2019-06-07 00:00,2019-06-07 02:00,0,0,0,8.800
2019-06-07 01:00,2019-06-07 03:00,0,0,0,8.617
2019-06-07 02:00,2019-06-07 04:00,0,0,0,8.384
2019-06-07 03:00,2019-06-07 05:00,0.004,0,0.008,8.428
2019-06-07 04:00,2019-06-07 06:00,0.122,0,0.058,9.712
2019-06-07 05:00,2019-06-07 07:00,0.235,0.018,0.082,11.410
2019-06-07 06:00,2019-06-07 08:00,0.679,0.182,0.081,13.917
2019-06-07 07:00,2019-06-07 09:00,1.172,0.374,0.085,16.522
2019-06-07 08:00,2019-06-07 10:00,1.593,0.558,0.089,18.774
2019-06-07 09:00,2019-06-07 11:00,1.913,0.716,0.092,20.615
2019-06-07 10:00,2019-06-07 12:00,2.108,0.822,0.094,21.988
2019-06-07 11:00,2019-06-07 13:00,2.188,0.872,0.095,23.027
2019-06-07 12:00,2019-06-07 14:00,2.158,0.862,0.094,23.772
2019-06-07 13:00,2019-06-07 15:00,2.017,0.790,0.090,24.123
2019-06-07 14:00,2019-06-07 16:00,1.760,0.664,0.085,24.267
2019-06-07 15:00,2019-06-07 17:00,1.379,0.495,0.079,25.544
2019-06-07 16:00,2019-06-07 18:00,0.915,0.299,0.072,24.276
2019-06-07 17:00,2019-06-07 19:00,0.411,0.108,0.063,21.842
2019-06-07 18:00,2019-06-07 20:00,0.051,0,0.031,18.911
2019-06-07 19:00,2019-06-07 21:00,0,0,0,17.416
2019-06-07 20:00,2019-06-07 22:00,0,0,0,17.221
2019-06-07 21:00,2019-06-07 23:00,0,0,0,15.948
2019-06-07 22:00,2019-06-08 00:00,0,0,0,14.053
2019-06-07 23:00,2019-06-08 01:00,0,0,0,12.503
2019-06-08 00:00,2019-06-08 02:00,0,0,0,11.630
2019-06-08 01:00,2019-06-08 03:00,0,0,0,10.996
2019-06-08 02:00,2019-06-08 04:00,0,0,0,10.514
2019-06-08 03:00,2019-06-08 05:00,0.001,0,0.006,10.239
2019-06-08 04:00,2019-06-08 06:00,0.099,0,0.049,10.560
2019-06-08 05:00,2019-06-08 07:00,0.279,0.003,0.112,11.180
2019-06-08 06:00,2019-06-08 08:00,0.569,0.047,0.173,12.070
2019-06-08 07:00,2019-06-08 09:00,0.923,0.150,0.203,13.264
2019-06-08 08:00,2019-06-08 10:00,1.359,0.344,0.187,14.673
2019-06-08 09:00,2019-06-08 11:00,1.757,0.553,0.158,15.905
2019-06-08 10:00,2019-06-08 12:00,1.993,0.682,0.147,16.865
2019-06-08 11:00,2019-06-08 13:00,2.116,0.759,0.136,17.702
2019-06-08 12:00,2019-06-08 14:00,2.118,0.772,0.127,18.312
2019-06-08 13:00,2019-06-08 15:00,1.937,0.680,0.129,18.569
2019-06-08 14:00,2019-06-08 16:00,1.718,0.591,0.113,18.604
2019-06-08 15:00,2019-06-08 17:00,1.429,0.484,0.089,18.499
2019-06-08 16:00,2019-06-08 18:00,0.945,0.292,0.079,18.072
2019-06-08 17:00,2019-06-08 19:00,0.430,0.108,0.067,17.497
2019-06-08 18:00,2019-06-08 20:00,0.055,0,0.033,15.338
2019-06-08 19:00,2019-06-08 21:00,0,0,0,13.193
2019-06-08 20:00,2019-06-08 22:00,0,0,0,12.252
2019-06-08 21:00,2019-06-08 23:00,0,0,0,11.480
2019-06-08 22:00,2019-06-09 00:00,0,0,0,10.828
2019-06-08 23:00,2019-06-09 01:00,0,0,0,10.329
2019-06-09 00:00,2019-06-09 02:00,0,0,0,9.964
2019-06-09 01:00,2019-06-09 03:00,0,0,0,9.710
2019-06-09 02:00,2019-06-09 04:00,0,0,0,9.418
2019-06-09 03:00,2019-06-09 05:00,0.007,0,0.009,9.401
2019-06-09 04:00,2019-06-09 06:00,0.134,0,0.062,11.021
2019-06-09 05:00,2019-06-09 07:00,0.248,0.019,0.086,12.841
2019-06-09 06:00,2019-06-09 08:00,0.694,0.176,0.094,15.370
2019-06-09 07:00,2019-06-09 09:00,1.170,0.358,0.103,17.762
2019-06-09 08:00,2019-06-09 10:00,1.575,0.528,0.114,19.685
2019-06-09 09:00,2019-06-09 11:00,1.744,0.570,0.157,20.991
2019-06-09 10:00,2019-06-09 12:00,1.787,0.547,0.204,21.847
2019-06-09 11:00,2019-06-09 13:00,1.732,0.486,0.242,22.329
2019-06-09 12:00,2019-06-09 14:00,1.637,0.437,0.246,22.397
2019-06-09 13:00,2019-06-09 15:00,1.819,0.602,0.169,22.611
2019-06-09 14:00,2019-06-09 16:00,1.430,0.389,0.197,22.218
2019-06-09 15:00,2019-06-09 17:00,0.577,0.043,0.190,20.948
2019-06-09 16:00,2019-06-09 18:00,0.197,0.005,0.084,19.486
2019-06-09 17:00,2019-06-09 19:00,0.076,0.001,0.040,18.072
2019-06-09 18:00,2019-06-09 20:00,0.007,0,0.010,16.680
2019-06-09 19:00,2019-06-09 21:00,0,0,0,15.605
2019-06-09 20:00,2019-06-09 22:00,0,0,0,14.809
2019-06-09 21:00,2019-06-09 23:00,0,0,0,14.059
2019-06-09 22:00,2019-06-10 00:00,0,0,0,13.744
2019-06-09 23:00,2019-06-10 01:00,0,0,0,13.582
2019-06-10 00:00,2019-06-10 02:00,0,0,0,13.453
2019-06-10 01:00,2019-06-10 03:00,0,0,0,13.418
2019-06-10 02:00,2019-06-10 04:00,0,0,0,13.423
2019-06-10 03:00,2019-06-10 05:00,0,0,0.005,13.442
2019-06-10 04:00,2019-06-10 06:00,0.065,0,0.036,14.017
2019-06-10 05:00,2019-06-10 07:00,0.226,0.001,0.097,14.763
2019-06-10 06:00,2019-06-10 08:00,0.527,0.025,0.184,15.864
2019-06-10 07:00,2019-06-10 09:00,0.903,0.117,0.237,17.765
2019-06-10 08:00,2019-06-10 10:00,1.242,0.241,0.255,19.640
2019-06-10 09:00,2019-06-10 11:00,1.393,0.277,0.288,20.929
2019-06-10 10:00,2019-06-10 12:00,1.555,0.346,0.295,21.948
2019-06-10 11:00,2019-06-10 13:00,1.707,0.442,0.275,22.781
2019-06-10 12:00,2019-06-10 14:00,1.660,0.427,0.268,23.094
2019-06-10 13:00,2019-06-10 15:00,1.535,0.377,0.260,23.052
2019-06-10 14:00,2019-06-10 16:00,1.056,0.158,0.268,22.477
2019-06-10 15:00,2019-06-10 17:00,0.597,0.041,0.200,21.514
2019-06-10 16:00,2019-06-10 18:00,0.318,0.012,0.123,20.371
2019-06-10 17:00,2019-06-10 19:00,0.128,0.003,0.059,19.176
2019-06-10 18:00,2019-06-10 20:00,0.021,0,0.017,17.964
2019-06-10 19:00,2019-06-10 21:00,0,0,0,16.675
2019-06-10 20:00,2019-06-10 22:00,0,0,0,16.077
2019-06-10 21:00,2019-06-10 23:00,0,0,0,15.813
2019-06-10 22:00,2019-06-11 00:00,0,0,0,15.409
2019-06-10 23:00,2019-06-11 01:00,0,0,0,14.880
2019-06-11 00:00,2019-06-11 02:00,0,0,0,14.106
2019-06-11 01:00,2019-06-11 03:00,0,0,0,13.570
2019-06-11 02:00,2019-06-11 04:00,0,0,0,13.374
2019-06-11 03:00,2019-06-11 05:00,0.003,0,0.007,12.896
2019-06-11 04:00,2019-06-11 06:00,0.106,0,0.052,13.046
2019-06-11 05:00,2019-06-11 07:00,0.291,0.002,0.118,13.340
2019-06-11 06:00,2019-06-11 08:00,0.527,0.025,0.182,14.001
2019-06-11 07:00,2019-06-11 09:00,0.732,0.049,0.235,14.979
2019-06-11 08:00,2019-06-11 10:00,1.017,0.111,0.285,16.344
2019-06-11 09:00,2019-06-11 11:00,1.394,0.265,0.291,17.988
2019-06-11 10:00,2019-06-11 12:00,1.713,0.450,0.255,19.567
2019-06-11 11:00,2019-06-11 13:00,1.822,0.523,0.241,20.812
2019-06-11 12:00,2019-06-11 14:00,1.678,0.439,0.259,21.591
2019-06-11 13:00,2019-06-11 15:00,1.527,0.378,0.251,22.117
2019-06-11 14:00,2019-06-11 16:00,1.301,0.298,0.232,22.478
2019-06-11 15:00,2019-06-11 17:00,0.866,0.135,0.212,22.327
2019-06-11 16:00,2019-06-11 18:00,0.489,0.045,0.155,22.147
2019-06-11 17:00,2019-06-11 19:00,0.183,0.007,0.077,20.443
2019-06-11 18:00,2019-06-11 20:00,0.024,0,0.019,18.149
2019-06-11 19:00,2019-06-11 21:00,0,0,0,16.910
2019-06-11 20:00,2019-06-11 22:00,0,0,0,16.148
2019-06-11 21:00,2019-06-11 23:00,0,0,0,15.642
2019-06-11 22:00,2019-06-12 00:00,0,0,0,15.264
2019-06-11 23:00,2019-06-12 01:00,0,0,0,14.786
2019-06-12 00:00,2019-06-12 02:00,0,0,0,14.634
2019-06-12 01:00,2019-06-12 03:00,0,0,0,14.358
2019-06-12 02:00,2019-06-12 04:00,0,0,0,13.949
2019-06-12 03:00,2019-06-12 05:00,0.003,0,0.007,13.759
2019-06-12 04:00,2019-06-12 06:00,0.087,0,0.045,14.208
2019-06-12 05:00,2019-06-12 07:00,0.262,0.002,0.109,15.116
2019-06-12 06:00,2019-06-12 08:00,0.577,0.043,0.185,16.653
2019-06-12 07:00,2019-06-12 09:00,1.008,0.203,0.195,18.788
2019-06-12 08:00,2019-06-12 10:00,1.409,0.393,0.179,20.890
2019-06-12 09:00,2019-06-12 11:00,1.745,0.564,0.169,22.288
2019-06-12 10:00,2019-06-12 12:00,1.829,0.567,0.207,22.248
2019-06-12 11:00,2019-06-12 13:00,1.653,0.404,0.278,20.797
2019-06-12 12:00,2019-06-12 14:00,1.565,0.337,0.298,18.954
2019-06-12 13:00,2019-06-12 15:00,1.159,0.153,0.302,17.242
2019-06-12 14:00,2019-06-12 16:00,0.947,0.103,0.265,16.094
2019-06-12 15:00,2019-06-12 17:00,0.680,0.057,0.208,15.538
2019-06-12 16:00,2019-06-12 18:00,0.434,0.028,0.146,15.236
2019-06-12 17:00,2019-06-12 19:00,0.203,0.009,0.081,14.727
2019-06-12 18:00,2019-06-12 20:00,0.035,0,0.024,13.899
2019-06-12 19:00,2019-06-12 21:00,0,0,0,12.859
2019-06-12 20:00,2019-06-12 22:00,0,0,0,12.338
2019-06-12 21:00,2019-06-12 23:00,0,0,0,11.717
2019-06-12 22:00,2019-06-13 00:00,0,0,0,11.402
2019-06-12 23:00,2019-06-13 01:00,0,0,0,11.209
2019-06-13 00:00,2019-06-13 02:00,0,0,0,11.048
2019-06-13 01:00,2019-06-13 03:00,0,0,0,10.926
2019-06-13 02:00,2019-06-13 04:00,0,0,0,10.847
2019-06-13 03:00,2019-06-13 05:00,0.003,0,0.008,10.890
2019-06-13 04:00,2019-06-13 06:00,0.116,0,0.056,11.724
2019-06-13 05:00,2019-06-13 07:00,0.299,0.006,0.117,12.765
2019-06-13 06:00,2019-06-13 08:00,0.620,0.089,0.152,14.195
2019-06-13 07:00,2019-06-13 09:00,1.042,0.256,0.148,15.846
2019-06-13 08:00,2019-06-13 10:00,1.482,0.460,0.133,17.448
2019-06-13 09:00,2019-06-13 11:00,1.793,0.610,0.131,18.770
2019-06-13 10:00,2019-06-13 12:00,2.078,0.775,0.113,19.904
2019-06-13 11:00,2019-06-13 13:00,2.193,0.849,0.106,20.749
2019-06-13 12:00,2019-06-13 14:00,2.179,0.848,0.102,21.303
2019-06-13 13:00,2019-06-13 15:00,2.016,0.763,0.102,21.546
2019-06-13 14:00,2019-06-13 16:00,1.707,0.604,0.107,21.412
2019-06-13 15:00,2019-06-13 17:00,1.341,0.443,0.100,21.101
2019-06-13 16:00,2019-06-13 18:00,0.870,0.253,0.093,20.569
2019-06-13 17:00,2019-06-13 19:00,0.403,0.092,0.074,19.720
2019-06-13 18:00,2019-06-13 20:00,0.059,0.001,0.034,17.742
2019-06-13 19:00,2019-06-13 21:00,0,0,0,15.875
2019-06-13 20:00,2019-06-13 22:00,0,0,0,15.297
2019-06-13 21:00,2019-06-13 23:00,0,0,0,14.786
2019-06-13 22:00,2019-06-14 00:00,0,0,0,14.059
2019-06-13 23:00,2019-06-14 01:00,0,0,0,13.252
2019-06-14 00:00,2019-06-14 02:00,0,0,0,12.618
2019-06-14 01:00,2019-06-14 03:00,0,0,0,12.163
2019-06-14 02:00,2019-06-14 04:00,0,0,0,11.786
2019-06-14 03:00,2019-06-14 05:00,0.009,0,0.011,11.892
2019-06-14 04:00,2019-06-14 06:00,0.119,0,0.057,13.863
2019-06-14 05:00,2019-06-14 07:00,0.229,0.018,0.081,16.019
2019-06-14 06:00,2019-06-14 08:00,0.667,0.166,0.097,17.819
2019-06-14 07:00,2019-06-14 09:00,1.123,0.341,0.106,20.044
2019-06-14 08:00,2019-06-14 10:00,1.539,0.525,0.108,21.661
2019-06-14 09:00,2019-06-14 11:00,1.845,0.673,0.113,23.059
2019-06-14 10:00,2019-06-14 12:00,1.986,0.741,0.125,24.446
2019-06-14 11:00,2019-06-14 13:00,2.094,0.808,0.123,25.549
2019-06-14 12:00,2019-06-14 14:00,1.893,0.657,0.168,25.910
2019-06-14 13:00,2019-06-14 15:00,1.290,0.271,0.265,25.835
2019-06-14 14:00,2019-06-14 16:00,0.851,0.104,0.243,25.695
2019-06-14 15:00,2019-06-14 17:00,0.840,0.142,0.200,25.036
2019-06-14 16:00,2019-06-14 18:00,0.676,0.136,0.139,24.584
2019-06-14 17:00,2019-06-14 19:00,0.299,0.037,0.092,23.607
2019-06-14 18:00,2019-06-14 20:00,0.042,0,0.027,21.366
2019-06-14 19:00,2019-06-14 21:00,0,0,0,20.083
2019-06-14 20:00,2019-06-14 22:00,0,0,0,19.392
2019-06-14 21:00,2019-06-14 23:00,0,0,0,18.706
2019-06-14 22:00,2019-06-15 00:00,0,0,0,17.832
2019-06-14 23:00,2019-06-15 01:00,0,0,0,16.973
2019-06-15 00:00,2019-06-15 02:00,0,0,0,16.372
2019-06-15 01:00,2019-06-15 03:00,0,0,0,15.983
2019-06-15 02:00,2019-06-15 04:00,0,0,0,15.502
2019-06-15 03:00,2019-06-15 05:00,0.007,0,0.010,15.079
2019-06-15 04:00,2019-06-15 06:00,0.141,0,0.067,15.933
2019-06-15 05:00,2019-06-15 07:00,0.309,0.010,0.119,17.481
2019-06-15 06:00,2019-06-15 08:00,0.670,0.128,0.138,19.206
2019-06-15 07:00,2019-06-15 09:00,1.094,0.291,0.147,20.907
2019-06-15 08:00,2019-06-15 10:00,1.441,0.420,0.168,21.502
2019-06-15 09:00,2019-06-15 11:00,1.680,0.504,0.195,21.716
2019-06-15 10:00,2019-06-15 12:00,1.741,0.488,0.241,21.862
2019-06-15 11:00,2019-06-15 13:00,1.601,0.363,0.299,21.802
2019-06-15 12:00,2019-06-15 14:00,1.381,0.233,0.329,21.562
2019-06-15 13:00,2019-06-15 15:00,0.971,0.087,0.300,20.876
2019-06-15 14:00,2019-06-15 16:00,0.661,0.033,0.231,20.154
2019-06-15 15:00,2019-06-15 17:00,0.305,0.007,0.122,19.290
2019-06-15 16:00,2019-06-15 18:00,0.167,0.003,0.075,18.345
2019-06-15 17:00,2019-06-15 19:00,0.050,0.001,0.030,17.296
2019-06-15 18:00,2019-06-15 20:00,0.004,0,0.008,16.454
2019-06-15 19:00,2019-06-15 21:00,0,0,0,15.899
2019-06-15 20:00,2019-06-15 22:00,0,0,0,15.494
2019-06-15 21:00,2019-06-15 23:00,0,0,0,15.106
2019-06-15 22:00,2019-06-16 00:00,0,0,0,14.790
2019-06-15 23:00,2019-06-16 01:00,0,0,0,14.525
2019-06-16 00:00,2019-06-16 02:00,0,0,0,14.386
2019-06-16 01:00,2019-06-16 03:00,0,0,0,14.141
2019-06-16 02:00,2019-06-16 04:00,0,0,0,13.903
2019-06-16 03:00,2019-06-16 05:00,0,0,0.004,13.580
2019-06-16 04:00,2019-06-16 06:00,0.066,0,0.037,13.419
2019-06-16 05:00,2019-06-16 07:00,0.205,0.001,0.089,13.547
2019-06-16 06:00,2019-06-16 08:00,0.412,0.010,0.155,13.827
2019-06-16 07:00,2019-06-16 09:00,0.706,0.040,0.233,14.525
2019-06-16 08:00,2019-06-16 10:00,0.934,0.079,0.283,15.372
2019-06-16 09:00,2019-06-16 11:00,1.272,0.188,0.312,16.335
2019-06-16 10:00,2019-06-16 12:00,1.685,0.412,0.272,17.416
2019-06-16 11:00,2019-06-16 13:00,1.780,0.474,0.257,18.044
2019-06-16 12:00,2019-06-16 14:00,1.786,0.493,0.243,18.374
2019-06-16 13:00,2019-06-16 15:00,1.581,0.397,0.243,18.447
2019-06-16 14:00,2019-06-16 16:00,1.382,0.333,0.219,18.423
2019-06-16 15:00,2019-06-16 17:00,1.011,0.200,0.198,18.142
2019-06-16 16:00,2019-06-16 18:00,0.646,0.098,0.156,17.669
2019-06-16 17:00,2019-06-16 19:00,0.281,0.024,0.095,16.880
2019-06-16 18:00,2019-06-16 20:00,0.059,0,0.034,15.330
2019-06-16 19:00,2019-06-16 21:00,0,0,0,13.796
2019-06-16 20:00,2019-06-16 22:00,0,0,0,13.315
2019-06-16 21:00,2019-06-16 23:00,0,0,0,12.925
2019-06-16 22:00,2019-06-17 00:00,0,0,0,12.581
2019-06-16 23:00,2019-06-17 01:00,0,0,0,12.201
2019-06-17 00:00,2019-06-17 02:00,0,0,0,11.761
2019-06-17 01:00,2019-06-17 03:00,0,0,0,11.257
2019-06-17 02:00,2019-06-17 04:00,0,0,0,10.657
2019-06-17 03:00,2019-06-17 05:00,0.009,0,0.011,10.351
2019-06-17 04:00,2019-06-17 06:00,0.121,0,0.058,12.241
2019-06-17 05:00,2019-06-17 07:00,0.222,0.017,0.079,13.857
2019-06-17 06:00,2019-06-17 08:00,0.668,0.177,0.085,16.085
2019-06-17 07:00,2019-06-17 09:00,1.152,0.363,0.090,17.645
2019-06-17 08:00,2019-06-17 10:00,1.569,0.540,0.096,18.855
2019-06-17 09:00,2019-06-17 11:00,1.889,0.693,0.099,19.875
2019-06-17 10:00,2019-06-17 12:00,2.092,0.799,0.101,20.680
2019-06-17 11:00,2019-06-17 13:00,2.180,0.849,0.102,21.279
2019-06-17 12:00,2019-06-17 14:00,2.156,0.840,0.100,21.676
2019-06-17 13:00,2019-06-17 15:00,2.012,0.767,0.098,21.834
2019-06-17 14:00,2019-06-17 16:00,1.745,0.635,0.095,21.722
2019-06-17 15:00,2019-06-17 17:00,1.336,0.443,0.098,21.397
2019-06-17 16:00,2019-06-17 18:00,0.795,0.210,0.107,20.753
2019-06-17 17:00,2019-06-17 19:00,0.349,0.062,0.084,19.659
2019-06-17 18:00,2019-06-17 20:00,0.057,0.001,0.033,17.704
2019-06-17 19:00,2019-06-17 21:00,0,0,0,16.005
2019-06-17 20:00,2019-06-17 22:00,0,0,0,15.340
2019-06-17 21:00,2019-06-17 23:00,0,0,0,14.717
2019-06-17 22:00,2019-06-18 00:00,0,0,0,14.173
2019-06-17 23:00,2019-06-18 01:00,0,0,0,13.827
2019-06-18 00:00,2019-06-18 02:00,0,0,0,13.515
2019-06-18 01:00,2019-06-18 03:00,0,0,0,13.182
2019-06-18 02:00,2019-06-18 04:00,0,0,0,12.787
2019-06-18 03:00,2019-06-18 05:00,0.009,0,0.011,12.689
2019-06-18 04:00,2019-06-18 06:00,0.123,0,0.059,14.059
2019-06-18 05:00,2019-06-18 07:00,0.232,0.015,0.085,15.758
2019-06-18 06:00,2019-06-18 08:00,0.658,0.174,0.086,17.930
2019-06-18 07:00,2019-06-18 09:00,1.145,0.368,0.087,19.735
2019-06-18 08:00,2019-06-18 10:00,1.554,0.545,0.094,21.091
2019-06-18 09:00,2019-06-18 11:00,1.861,0.692,0.098,22.323
2019-06-18 10:00,2019-06-18 12:00,2.058,0.796,0.101,23.241
2019-06-18 11:00,2019-06-18 13:00,2.144,0.847,0.101,23.843
2019-06-18 12:00,2019-06-18 14:00,2.120,0.837,0.100,24.218
2019-06-18 13:00,2019-06-18 15:00,1.983,0.768,0.096,24.361
2019-06-18 14:00,2019-06-18 16:00,1.734,0.646,0.091,24.263
2019-06-18 15:00,2019-06-18 17:00,1.374,0.483,0.084,23.953
2019-06-18 16:00,2019-06-18 18:00,0.907,0.290,0.077,24.186
2019-06-18 17:00,2019-06-18 19:00,0.410,0.104,0.068,23.716
2019-06-18 18:00,2019-06-18 20:00,0.060,0.001,0.034,21.608
2019-06-18 19:00,2019-06-18 21:00,0,0,0,20.101
2019-06-18 20:00,2019-06-18 22:00,0,0,0,18.905
2019-06-18 21:00,2019-06-18 23:00,0,0,0,17.741
2019-06-18 22:00,2019-06-19 00:00,0,0,0,16.791
2019-06-18 23:00,2019-06-19 01:00,0,0,0,16.198
2019-06-19 00:00,2019-06-19 02:00,0,0,0,15.777
2019-06-19 01:00,2019-06-19 03:00,0,0,0,15.368
2019-06-19 02:00,2019-06-19 04:00,0,0,0,14.873
2019-06-19 03:00,2019-06-19 05:00,0,0,0.005,14.495
2019-06-19 04:00,2019-06-19 06:00,0.058,0,0.033,14.730
2019-06-19 05:00,2019-06-19 07:00,0.215,0.001,0.093,15.609
2019-06-19 06:00,2019-06-19 08:00,0.555,0.044,0.177,17.321
2019-06-19 07:00,2019-06-19 09:00,0.975,0.208,0.179,19.953
2019-06-19 08:00,2019-06-19 10:00,1.403,0.422,0.153,22.620
2019-06-19 09:00,2019-06-19 11:00,1.735,0.596,0.141,24.064
2019-06-19 10:00,2019-06-19 12:00,1.959,0.721,0.132,24.679
2019-06-19 11:00,2019-06-19 13:00,2.106,0.815,0.119,24.978
2019-06-19 12:00,2019-06-19 14:00,2.092,0.814,0.114,25.224
2019-06-19 13:00,2019-06-19 15:00,1.950,0.740,0.112,25.259
2019-06-19 14:00,2019-06-19 16:00,1.695,0.614,0.107,25.112
2019-06-19 15:00,2019-06-19 17:00,1.328,0.450,0.100,25.360
2019-06-19 16:00,2019-06-19 18:00,0.872,0.266,0.091,26.206
2019-06-19 17:00,2019-06-19 19:00,0.403,0.095,0.075,24.652
2019-06-19 18:00,2019-06-19 20:00,0.063,0.001,0.036,22.756
2019-06-19 19:00,2019-06-19 21:00,0,0,0,20.933
2019-06-19 20:00,2019-06-19 22:00,0,0,0,19.362
2019-06-19 21:00,2019-06-19 23:00,0,0,0,18.437
2019-06-19 22:00,2019-06-20 00:00,0,0,0,17.541
2019-06-19 23:00,2019-06-20 01:00,0,0,0,16.439
2019-06-20 00:00,2019-06-20 02:00,0,0,0,15.940
2019-06-20 01:00,2019-06-20 03:00,0,0,0,15.656
2019-06-20 02:00,2019-06-20 04:00,0,0,0,15.251
2019-06-20 03:00,2019-06-20 05:00,0.002,0,0.006,15.072
2019-06-20 04:00,2019-06-20 06:00,0.069,0,0.038,15.271
2019-06-20 05:00,2019-06-20 07:00,0.203,0.001,0.089,15.760
2019-06-20 06:00,2019-06-20 08:00,0.433,0.010,0.165,16.878
2019-06-20 07:00,2019-06-20 09:00,0.696,0.035,0.240,18.616
2019-06-20 08:00,2019-06-20 10:00,0.907,0.068,0.292,20.051
2019-06-20 09:00,2019-06-20 11:00,1.224,0.160,0.332,20.930
2019-06-20 10:00,2019-06-20 12:00,1.545,0.319,0.317,21.598
2019-06-20 11:00,2019-06-20 13:00,1.773,0.468,0.278,22.071
2019-06-20 12:00,2019-06-20 14:00,1.580,0.343,0.311,22.027
2019-06-20 13:00,2019-06-20 15:00,1.102,0.122,0.320,21.426
2019-06-20 14:00,2019-06-20 16:00,0.641,0.029,0.228,20.418
2019-06-20 15:00,2019-06-20 17:00,0.393,0.011,0.151,19.423
2019-06-20 16:00,2019-06-20 18:00,0.228,0.005,0.096,18.610
2019-06-20 17:00,2019-06-20 19:00,0.097,0.001,0.048,17.837
2019-06-20 18:00,2019-06-20 20:00,0.017,0,0.016,16.940
2019-06-20 19:00,2019-06-20 21:00,0,0,0,15.970
2019-06-20 20:00,2019-06-20 22:00,0,0,0,15.069
2019-06-20 21:00,2019-06-20 23:00,0,0,0,14.477
2019-06-20 22:00,2019-06-21 00:00,0,0,0,14.142
2019-06-20 23:00,2019-06-21 01:00,0,0,0,14.088
2019-06-21 00:00,2019-06-21 02:00,0,0,0,13.893
2019-06-21 01:00,2019-06-21 03:00,0,0,0,13.610
2019-06-21 02:00,2019-06-21 04:00,0,0,0,13.295
2019-06-21 03:00,2019-06-21 05:00,0.007,0,0.010,13.077
2019-06-21 04:00,2019-06-21 06:00,0.149,0,0.069,14.301
2019-06-21 05:00,2019-06-21 07:00,0.326,0.008,0.127,15.468
2019-06-21 06:00,2019-06-21 08:00,0.666,0.099,0.165,18.392
2019-06-21 07:00,2019-06-21 09:00,0.976,0.173,0.212,19.141
2019-06-21 08:00,2019-06-21 10:00,1.327,0.302,0.231,19.801
2019-06-21 09:00,2019-06-21 11:00,1.527,0.361,0.262,20.502
2019-06-21 10:00,2019-06-21 12:00,1.544,0.324,0.309,20.920
2019-06-21 11:00,2019-06-21 13:00,1.454,0.251,0.341,20.988
2019-06-21 12:00,2019-06-21 14:00,1.222,0.143,0.348,20.653
2019-06-21 13:00,2019-06-21 15:00,0.707,0.029,0.252,19.784
2019-06-21 14:00,2019-06-21 16:00,0.326,0.006,0.131,18.978
2019-06-21 15:00,2019-06-21 17:00,0.248,0.004,0.104,18.529
2019-06-21 16:00,2019-06-21 18:00,0.153,0.002,0.069,17.931
2019-06-21 17:00,2019-06-21 19:00,0.063,0.001,0.035,16.899
2019-06-21 18:00,2019-06-21 20:00,0.007,0,0.010,15.788
2019-06-21 19:00,2019-06-21 21:00,0,0,0,15.156
2019-06-21 20:00,2019-06-21 22:00,0,0,0,14.361
2019-06-21 21:00,2019-06-21 23:00,0,0,0,13.756
2019-06-21 22:00,2019-06-22 00:00,0,0,0,13.275
2019-06-21 23:00,2019-06-22 01:00,0,0,0,12.718
2019-06-22 00:00,2019-06-22 02:00,0,0,0,12.085
2019-06-22 01:00,2019-06-22 03:00,0,0,0,11.685
2019-06-22 02:00,2019-06-22 04:00,0,0,0,11.562
2019-06-22 03:00,2019-06-22 05:00,0.008,0,0.011,11.670
2019-06-22 04:00,2019-06-22 06:00,0.148,0,0.068,12.993
2019-06-22 05:00,2019-06-22 07:00,0.338,0.003,0.135,14.118
2019-06-22 06:00,2019-06-22 08:00,0.568,0.028,0.195,15.727
2019-06-22 07:00,2019-06-22 09:00,0.766,0.049,0.251,17.292
2019-06-22 08:00,2019-06-22 10:00,0.891,0.057,0.293,18.185
2019-06-22 09:00,2019-06-22 11:00,0.958,0.058,0.320,18.936
2019-06-22 10:00,2019-06-22 12:00,0.955,0.052,0.326,19.461
2019-06-22 11:00,2019-06-22 13:00,0.910,0.044,0.316,19.395
2019-06-22 12:00,2019-06-22 14:00,0.860,0.040,0.300,19.487
2019-06-22 13:00,2019-06-22 15:00,0.852,0.047,0.290,19.595
2019-06-22 14:00,2019-06-22 16:00,0.799,0.051,0.265,19.569
2019-06-22 15:00,2019-06-22 17:00,0.517,0.021,0.187,19.046
2019-06-22 16:00,2019-06-22 18:00,0.183,0.003,0.080,18.097
2019-06-22 17:00,2019-06-22 19:00,0.055,0.001,0.032,17.234
2019-06-22 18:00,2019-06-22 20:00,0.004,0,0.008,16.462
2019-06-22 19:00,2019-06-22 21:00,0,0,0,15.941
2019-06-22 20:00,2019-06-22 22:00,0,0,0,15.601
2019-06-22 21:00,2019-06-22 23:00,0,0,0,15.320
2019-06-22 22:00,2019-06-23 00:00,0,0,0,15.090
2019-06-22 23:00,2019-06-23 01:00,0,0,0,14.860
2019-06-23 00:00,2019-06-23 02:00,0,0,0,14.629
2019-06-23 01:00,2019-06-23 03:00,0,0,0,14.344
2019-06-23 02:00,2019-06-23 04:00,0,0,0,14.046
2019-06-23 03:00,2019-06-23 05:00,0,0,0.005,13.850
2019-06-23 04:00,2019-06-23 06:00,0.063,0,0.035,13.983
2019-06-23 05:00,2019-06-23 07:00,0.198,0.001,0.087,14.370
2019-06-23 06:00,2019-06-23 08:00,0.374,0.007,0.144,15.007
2019-06-23 07:00,2019-06-23 09:00,0.555,0.018,0.201,15.760
2019-06-23 08:00,2019-06-23 10:00,0.733,0.034,0.253,16.704
2019-06-23 09:00,2019-06-23 11:00,0.974,0.075,0.307,17.820
2019-06-23 10:00,2019-06-23 12:00,1.442,0.259,0.322,19.279
2019-06-23 11:00,2019-06-23 13:00,1.760,0.471,0.261,20.484
2019-06-23 12:00,2019-06-23 14:00,1.737,0.479,0.245,20.982
2019-06-23 13:00,2019-06-23 15:00,1.645,0.458,0.223,21.140
2019-06-23 14:00,2019-06-23 16:00,1.429,0.381,0.201,21.041
2019-06-23 15:00,2019-06-23 17:00,1.121,0.275,0.173,20.748
2019-06-23 16:00,2019-06-23 18:00,0.777,0.176,0.132,20.257
2019-06-23 17:00,2019-06-23 19:00,0.406,0.079,0.088,19.456
2019-06-23 18:00,2019-06-23 20:00,0.071,0.002,0.038,17.785
2019-06-23 19:00,2019-06-23 21:00,0,0,0,15.980
2019-06-23 20:00,2019-06-23 22:00,0,0,0,15.408
2019-06-23 21:00,2019-06-23 23:00,0,0,0,14.908
2019-06-23 22:00,2019-06-24 00:00,0,0,0,14.569
2019-06-23 23:00,2019-06-24 01:00,0,0,0,14.195
2019-06-24 00:00,2019-06-24 02:00,0,0,0,13.855
2019-06-24 01:00,2019-06-24 03:00,0,0,0,13.584
2019-06-24 02:00,2019-06-24 04:00,0,0,0,13.375
2019-06-24 03:00,2019-06-24 05:00,0.009,0,0.011,13.338
2019-06-24 04:00,2019-06-24 06:00,0.108,0,0.054,14.793
2019-06-24 05:00,2019-06-24 07:00,0.184,0.017,0.066,16.365
2019-06-24 06:00,2019-06-24 08:00,0.659,0.188,0.073,18.512
2019-06-24 07:00,2019-06-24 09:00,1.150,0.379,0.080,20.261
2019-06-24 08:00,2019-06-24 10:00,1.566,0.560,0.086,21.535
2019-06-24 09:00,2019-06-24 11:00,1.881,0.711,0.090,22.485
2019-06-24 10:00,2019-06-24 12:00,2.080,0.815,0.093,23.147
2019-06-24 11:00,2019-06-24 13:00,2.166,0.863,0.095,23.551
2019-06-24 12:00,2019-06-24 14:00,2.144,0.854,0.093,23.731
2019-06-24 13:00,2019-06-24 15:00,2.009,0.784,0.090,23.723
2019-06-24 14:00,2019-06-24 16:00,1.760,0.661,0.085,23.499
2019-06-24 15:00,2019-06-24 17:00,1.398,0.496,0.078,23.107
2019-06-24 16:00,2019-06-24 18:00,0.939,0.307,0.071,22.453
2019-06-24 17:00,2019-06-24 19:00,0.439,0.121,0.060,21.390
2019-06-24 18:00,2019-06-24 20:00,0.062,0.003,0.033,19.521
2019-06-24 19:00,2019-06-24 21:00,0,0,0,17.809
2019-06-24 20:00,2019-06-24 22:00,0,0,0,17.260
2019-06-24 21:00,2019-06-24 23:00,0,0,0,16.663
2019-06-24 22:00,2019-06-25 00:00,0,0,0,16.089
2019-06-24 23:00,2019-06-25 01:00,0,0,0,15.545
2019-06-25 00:00,2019-06-25 02:00,0,0,0,15.102
2019-06-25 01:00,2019-06-25 03:00,0,0,0,14.840
2019-06-25 02:00,2019-06-25 04:00,0,0,0,14.682
2019-06-25 03:00,2019-06-25 05:00,0.010,0,0.011,14.605
2019-06-25 04:00,2019-06-25 06:00,0.104,0,0.052,16.082
2019-06-25 05:00,2019-06-25 07:00,0.182,0.017,0.066,18.026
2019-06-25 06:00,2019-06-25 08:00,0.654,0.187,0.074,20.050
2019-06-25 07:00,2019-06-25 09:00,1.136,0.377,0.081,22.287
2019-06-25 08:00,2019-06-25 10:00,1.542,0.556,0.088,24.049
2019-06-25 09:00,2019-06-25 11:00,1.838,0.700,0.095,25.315
2019-06-25 10:00,2019-06-25 12:00,2.018,0.794,0.100,26.311
2019-06-25 11:00,2019-06-25 13:00,2.100,0.842,0.101,26.915
2019-06-25 12:00,2019-06-25 14:00,2.071,0.829,0.101,27.266
2019-06-25 13:00,2019-06-25 15:00,1.936,0.759,0.098,27.386
2019-06-25 14:00,2019-06-25 16:00,1.684,0.632,0.094,27.251
2019-06-25 15:00,2019-06-25 17:00,1.323,0.465,0.089,27.073
2019-06-25 16:00,2019-06-25 18:00,0.862,0.274,0.083,28.184
2019-06-25 17:00,2019-06-25 19:00,0.394,0.099,0.070,27.048
2019-06-25 18:00,2019-06-25 20:00,0.060,0.002,0.034,24.206
2019-06-25 19:00,2019-06-25 21:00,0,0,0,22.049
2019-06-25 20:00,2019-06-25 22:00,0,0,0,20.713
2019-06-25 21:00,2019-06-25 23:00,0,0,0,19.899
2019-06-25 22:00,2019-06-26 00:00,0,0,0,19.561
2019-06-25 23:00,2019-06-26 01:00,0,0,0,19.507
2019-06-26 00:00,2019-06-26 02:00,0,0,0,19.627
2019-06-26 01:00,2019-06-26 03:00,0,0,0,19.706
2019-06-26 02:00,2019-06-26 04:00,0,0,0,19.492
2019-06-26 03:00,2019-06-26 05:00,0.009,0,0.011,19.048
2019-06-26 04:00,2019-06-26 06:00,0.104,0,0.053,19.375
2019-06-26 05:00,2019-06-26 07:00,0.186,0.015,0.070,21.390
2019-06-26 06:00,2019-06-26 08:00,0.633,0.178,0.080,23.937
2019-06-26 07:00,2019-06-26 09:00,1.084,0.363,0.087,28.096
2019-06-26 08:00,2019-06-26 10:00,1.472,0.541,0.093,30.179
2019-06-26 09:00,2019-06-26 11:00,1.769,0.692,0.097,31.298
2019-06-26 10:00,2019-06-26 12:00,1.964,0.794,0.100,31.196
2019-06-26 11:00,2019-06-26 13:00,2.039,0.839,0.102,31.880
2019-06-26 12:00,2019-06-26 14:00,2.025,0.828,0.101,31.285
2019-06-26 13:00,2019-06-26 15:00,1.886,0.756,0.099,31.792
2019-06-26 14:00,2019-06-26 16:00,1.647,0.631,0.094,31.292
2019-06-26 15:00,2019-06-26 17:00,1.294,0.465,0.089,31.186
2019-06-26 16:00,2019-06-26 18:00,0.855,0.278,0.081,31.001
2019-06-26 17:00,2019-06-26 19:00,0.395,0.102,0.069,29.202
2019-06-26 18:00,2019-06-26 20:00,0.060,0.002,0.034,26.431
2019-06-26 19:00,2019-06-26 21:00,0,0,0,25.354
2019-06-26 20:00,2019-06-26 22:00,0,0,0,25.046
2019-06-26 21:00,2019-06-26 23:00,0,0,0,24.558
2019-06-26 22:00,2019-06-27 00:00,0,0,0,23.856
2019-06-26 23:00,2019-06-27 01:00,0,0,0,22.759
2019-06-27 00:00,2019-06-27 02:00,0,0,0,21.560
2019-06-27 01:00,2019-06-27 03:00,0,0,0,20.418
2019-06-27 02:00,2019-06-27 04:00,0,0,0,19.499
2019-06-27 03:00,2019-06-27 05:00,0.009,0,0.011,18.929
2019-06-27 04:00,2019-06-27 06:00,0.114,0,0.057,20.053
2019-06-27 05:00,2019-06-27 07:00,0.204,0.013,0.079,21.903
2019-06-27 06:00,2019-06-27 08:00,0.633,0.168,0.089,23.778
2019-06-27 07:00,2019-06-27 09:00,1.090,0.349,0.097,25.449
2019-06-27 08:00,2019-06-27 10:00,1.472,0.513,0.108,26.617
2019-06-27 09:00,2019-06-27 11:00,1.732,0.626,0.123,27.159
2019-06-27 10:00,2019-06-27 12:00,1.879,0.689,0.138,27.515
2019-06-27 11:00,2019-06-27 13:00,1.918,0.698,0.150,27.711
2019-06-27 12:00,2019-06-27 14:00,1.867,0.667,0.155,27.761
2019-06-27 13:00,2019-06-27 15:00,1.727,0.597,0.152,27.620
2019-06-27 14:00,2019-06-27 16:00,1.505,0.497,0.142,27.217
2019-06-27 15:00,2019-06-27 17:00,1.140,0.334,0.137,26.497
2019-06-27 16:00,2019-06-27 18:00,0.725,0.176,0.121,25.494
2019-06-27 17:00,2019-06-27 19:00,0.346,0.063,0.085,24.026
2019-06-27 18:00,2019-06-27 20:00,0.062,0.002,0.035,21.820
2019-06-27 19:00,2019-06-27 21:00,0,0,0,19.544
2019-06-27 20:00,2019-06-27 22:00,0,0,0,17.975
2019-06-27 21:00,2019-06-27 23:00,0,0,0,16.507
2019-06-27 22:00,2019-06-28 00:00,0,0,0,15.305
2019-06-27 23:00,2019-06-28 01:00,0,0,0,14.455
2019-06-28 00:00,2019-06-28 02:00,0,0,0,13.821
2019-06-28 01:00,2019-06-28 03:00,0,0,0,13.190
2019-06-28 02:00,2019-06-28 04:00,0,0,0,12.644
2019-06-28 03:00,2019-06-28 05:00,0.009,0,0.011,12.438
2019-06-28 04:00,2019-06-28 06:00,0.085,0,0.044,13.955
2019-06-28 05:00,2019-06-28 07:00,0.157,0.016,0.056,15.534
2019-06-28 06:00,2019-06-28 08:00,0.664,0.197,0.064,17.454
2019-06-28 07:00,2019-06-28 09:00,1.172,0.394,0.072,19.307
2019-06-28 08:00,2019-06-28 10:00,1.595,0.578,0.078,20.782
2019-06-28 09:00,2019-06-28 11:00,1.911,0.729,0.083,21.773
2019-06-28 10:00,2019-06-28 12:00,2.110,0.834,0.087,22.528
2019-06-28 11:00,2019-06-28 13:00,2.195,0.883,0.088,23.094
2019-06-28 12:00,2019-06-28 14:00,2.174,0.875,0.086,23.449
2019-06-28 13:00,2019-06-28 15:00,2.036,0.804,0.084,23.568
2019-06-28 14:00,2019-06-28 16:00,1.783,0.678,0.079,23.454
2019-06-28 15:00,2019-06-28 17:00,1.416,0.510,0.073,23.177
2019-06-28 16:00,2019-06-28 18:00,0.947,0.315,0.067,22.996
2019-06-28 17:00,2019-06-28 19:00,0.440,0.125,0.057,22.317
2019-06-28 18:00,2019-06-28 20:00,0.060,0.003,0.032,20.267
2019-06-28 19:00,2019-06-28 21:00,0,0,0,19.131
2019-06-28 20:00,2019-06-28 22:00,0,0,0,18.518
2019-06-28 21:00,2019-06-28 23:00,0,0,0,17.794
2019-06-28 22:00,2019-06-29 00:00,0,0,0,17.168
2019-06-28 23:00,2019-06-29 01:00,0,0,0,16.538
2019-06-29 00:00,2019-06-29 02:00,0,0,0,16.068
2019-06-29 01:00,2019-06-29 03:00,0,0,0,15.492
2019-06-29 02:00,2019-06-29 04:00,0,0,0,14.739
2019-06-29 03:00,2019-06-29 05:00,0.008,0,0.011,14.185
2019-06-29 04:00,2019-06-29 06:00,0.086,0,0.045,15.274
2019-06-29 05:00,2019-06-29 07:00,0.156,0.015,0.057,17.206
2019-06-29 06:00,2019-06-29 08:00,0.656,0.196,0.064,19.143
2019-06-29 07:00,2019-06-29 09:00,1.158,0.395,0.071,21.487
2019-06-29 08:00,2019-06-29 10:00,1.581,0.582,0.077,23.031
2019-06-29 09:00,2019-06-29 11:00,1.898,0.736,0.081,23.846
2019-06-29 10:00,2019-06-29 12:00,2.102,0.842,0.084,24.115
2019-06-29 11:00,2019-06-29 13:00,2.191,0.892,0.086,24.351
2019-06-29 12:00,2019-06-29 14:00,2.169,0.880,0.085,24.413
2019-06-29 13:00,2019-06-29 15:00,2.035,0.809,0.082,24.287
2019-06-29 14:00,2019-06-29 16:00,1.787,0.684,0.077,23.942
2019-06-29 15:00,2019-06-29 17:00,1.424,0.517,0.071,23.473
2019-06-29 16:00,2019-06-29 18:00,0.961,0.323,0.064,22.749
2019-06-29 17:00,2019-06-29 19:00,0.452,0.132,0.054,21.423
2019-06-29 18:00,2019-06-29 20:00,0.060,0.004,0.031,18.930
2019-06-29 19:00,2019-06-29 21:00,0,0,0,16.767
2019-06-29 20:00,2019-06-29 22:00,0,0,0,16.066
2019-06-29 21:00,2019-06-29 23:00,0,0,0,15.498
2019-06-29 22:00,2019-06-30 00:00,0,0,0,15.131
2019-06-29 23:00,2019-06-30 01:00,0,0,0,14.918
2019-06-30 00:00,2019-06-30 02:00,0,0,0,14.676
2019-06-30 01:00,2019-06-30 03:00,0,0,0,14.359
2019-06-30 02:00,2019-06-30 04:00,0,0,0,14.036
2019-06-30 03:00,2019-06-30 05:00,0.009,0,0.011,14.044
2019-06-30 04:00,2019-06-30 06:00,0.087,0,0.046,16.353
2019-06-30 05:00,2019-06-30 07:00,0.160,0.014,0.060,19.353
2019-06-30 06:00,2019-06-30 08:00,0.647,0.189,0.071,21.279
2019-06-30 07:00,2019-06-30 09:00,1.128,0.378,0.080,23.601
2019-06-30 08:00,2019-06-30 10:00,1.530,0.555,0.088,25.378
2019-06-30 09:00,2019-06-30 11:00,1.830,0.703,0.094,26.707
2019-06-30 10:00,2019-06-30 12:00,2.017,0.804,0.098,27.678
2019-06-30 11:00,2019-06-30 13:00,2.100,0.853,0.099,28.183
2019-06-30 12:00,2019-06-30 14:00,2.081,0.845,0.097,28.374
2019-06-30 13:00,2019-06-30 15:00,1.939,0.767,0.096,28.298
2019-06-30 14:00,2019-06-30 16:00,1.671,0.626,0.097,27.983
2019-06-30 15:00,2019-06-30 17:00,1.242,0.413,0.106,27.562
2019-06-30 16:00,2019-06-30 18:00,0.762,0.206,0.108,26.822
2019-06-30 17:00,2019-06-30 19:00,0.322,0.055,0.085,25.166
2019-06-30 18:00,2019-06-30 20:00,0.052,0.001,0.031,23.150
2019-06-30 19:00,2019-06-30 21:00,0,0,0,22.070
2019-06-30 20:00,2019-06-30 22:00,0,0,0,21.150
2019-06-30 21:00,2019-06-30 23:00,0,0,0,20.225
2019-06-30 22:00,2019-07-01 00:00,0,0,0,19.758
2019-06-30 23:00,2019-07-01 01:00,0,0,0,19.439
2019-07-01 00:00,2019-07-01 02:00,0,0,0,19.141
2019-07-01 01:00,2019-07-01 03:00,0,0,0,18.781
2019-07-01 02:00,2019-07-01 04:00,0,0,0,18.262
2019-07-01 03:00,2019-07-01 05:00,0.008,0,0.011,18.041
2019-07-01 04:00,2019-07-01 06:00,0.143,0,0.068,19.368
2019-07-01 05:00,2019-07-01 07:00,0.318,0.003,0.132,21.004
2019-07-01 06:00,2019-07-01 08:00,0.609,0.055,0.191,22.321
2019-07-01 07:00,2019-07-01 09:00,0.856,0.098,0.248,23.642
2019-07-01 08:00,2019-07-01 10:00,0.973,0.101,0.294,24.743
2019-07-01 09:00,2019-07-01 11:00,1.203,0.162,0.334,25.648
2019-07-01 10:00,2019-07-01 12:00,1.183,0.133,0.355,25.991
2019-07-01 11:00,2019-07-01 13:00,1.033,0.079,0.344,25.901
2019-07-01 12:00,2019-07-01 14:00,0.773,0.034,0.282,25.741
2019-07-01 13:00,2019-07-01 15:00,0.621,0.021,0.235,26.169
2019-07-01 14:00,2019-07-01 16:00,0.488,0.014,0.190,26.050
2019-07-01 15:00,2019-07-01 17:00,0.366,0.010,0.147,24.987
2019-07-01 16:00,2019-07-01 18:00,0.240,0.006,0.102,23.510
2019-07-01 17:00,2019-07-01 19:00,0.112,0.002,0.055,21.962
2019-07-01 18:00,2019-07-01 20:00,0.017,0,0.015,20.467
2019-07-01 19:00,2019-07-01 21:00,0,0,0,19.486
2019-07-01 20:00,2019-07-01 22:00,0,0,0,18.996
2019-07-01 21:00,2019-07-01 23:00,0,0,0,18.477
2019-07-01 22:00,2019-07-02 00:00,0,0,0,17.885
2019-07-01 23:00,2019-07-02 01:00,0,0,0,17.372
2019-07-02 00:00,2019-07-02 02:00,0,0,0,16.993
2019-07-02 01:00,2019-07-02 03:00,0,0,0,16.531
2019-07-02 02:00,2019-07-02 04:00,0,0,0,15.870
2019-07-02 03:00,2019-07-02 05:00,0.001,0,0.006,15.294
2019-07-02 04:00,2019-07-02 06:00,0.088,0,0.046,15.083
2019-07-02 05:00,2019-07-02 07:00,0.217,0.001,0.094,15.210
2019-07-02 06:00,2019-07-02 08:00,0.442,0.014,0.163,15.885
2019-07-02 07:00,2019-07-02 09:00,0.704,0.047,0.228,16.826
2019-07-02 08:00,2019-07-02 10:00,1.122,0.175,0.267,18.217
2019-07-02 09:00,2019-07-02 11:00,1.523,0.383,0.236,19.839
2019-07-02 10:00,2019-07-02 12:00,1.887,0.617,0.181,21.216
2019-07-02 11:00,2019-07-02 13:00,2.027,0.712,0.163,22.143
2019-07-02 12:00,2019-07-02 14:00,1.899,0.625,0.186,22.492
2019-07-02 13:00,2019-07-02 15:00,1.606,0.449,0.219,22.430
2019-07-02 14:00,2019-07-02 16:00,1.277,0.294,0.224,22.146
2019-07-02 15:00,2019-07-02 17:00,0.929,0.174,0.198,21.773
2019-07-02 16:00,2019-07-02 18:00,0.667,0.122,0.146,21.411
2019-07-02 17:00,2019-07-02 19:00,0.342,0.051,0.093,20.555
2019-07-02 18:00,2019-07-02 20:00,0.062,0.001,0.034,18.343
2019-07-02 19:00,2019-07-02 21:00,0,0,0,16.414
2019-07-02 20:00,2019-07-02 22:00,0,0,0,15.540
2019-07-02 21:00,2019-07-02 23:00,0,0,0,14.763
2019-07-02 22:00,2019-07-03 00:00,0,0,0,14.210
2019-07-02 23:00,2019-07-03 01:00,0,0,0,13.629
2019-07-03 00:00,2019-07-03 02:00,0,0,0,13.048
2019-07-03 01:00,2019-07-03 03:00,0,0,0,12.469
2019-07-03 02:00,2019-07-03 04:00,0,0,0,11.865
2019-07-03 03:00,2019-07-03 05:00,0.008,0,0.010,11.458
2019-07-03 04:00,2019-07-03 06:00,0.135,0,0.063,12.443
2019-07-03 05:00,2019-07-03 07:00,0.292,0.004,0.117,14.275
2019-07-03 06:00,2019-07-03 08:00,0.617,0.087,0.155,16.200
2019-07-03 07:00,2019-07-03 09:00,1.003,0.221,0.171,17.181
2019-07-03 08:00,2019-07-03 10:00,1.389,0.384,0.171,18.306
2019-07-03 09:00,2019-07-03 11:00,1.700,0.530,0.169,19.328
2019-07-03 10:00,2019-07-03 12:00,1.894,0.625,0.171,20.147
2019-07-03 11:00,2019-07-03 13:00,1.930,0.633,0.184,20.703
2019-07-03 12:00,2019-07-03 14:00,1.787,0.536,0.212,20.937
2019-07-03 13:00,2019-07-03 15:00,1.536,0.397,0.232,20.933
2019-07-03 14:00,2019-07-03 16:00,1.194,0.245,0.234,20.687
2019-07-03 15:00,2019-07-03 17:00,0.826,0.124,0.204,20.267
2019-07-03 16:00,2019-07-03 18:00,0.521,0.060,0.150,19.882
2019-07-03 17:00,2019-07-03 19:00,0.257,0.022,0.089,19.185
2019-07-03 18:00,2019-07-03 20:00,0.053,0.001,0.031,17.704
2019-07-03 19:00,2019-07-03 21:00,0,0,0,16.768
2019-07-03 20:00,2019-07-03 22:00,0,0,0,16.083
2019-07-03 21:00,2019-07-03 23:00,0,0,0,15.204
2019-07-03 22:00,2019-07-04 00:00,0,0,0,14.504
2019-07-03 23:00,2019-07-04 01:00,0,0,0,13.858
2019-07-04 00:00,2019-07-04 02:00,0,0,0,13.203
2019-07-04 01:00,2019-07-04 03:00,0,0,0,12.492
2019-07-04 02:00,2019-07-04 04:00,0,0,0,11.862
2019-07-04 03:00,2019-07-04 05:00,0.005,0,0.008,11.461
2019-07-04 04:00,2019-07-04 06:00,0.121,0,0.058,12.018
2019-07-04 05:00,2019-07-04 07:00,0.183,0.010,0.072,13.452
2019-07-04 06:00,2019-07-04 08:00,0.654,0.183,0.072,15.800
2019-07-04 07:00,2019-07-04 09:00,1.167,0.383,0.076,17.592
2019-07-04 08:00,2019-07-04 10:00,1.600,0.571,0.081,19.240
2019-07-04 09:00,2019-07-04 11:00,1.920,0.725,0.086,20.529
2019-07-04 10:00,2019-07-04 12:00,2.125,0.833,0.088,21.256
2019-07-04 11:00,2019-07-04 13:00,2.215,0.884,0.089,21.749
2019-07-04 12:00,2019-07-04 14:00,2.191,0.873,0.088,22.063
2019-07-04 13:00,2019-07-04 15:00,2.053,0.803,0.085,22.150
2019-07-04 14:00,2019-07-04 16:00,1.798,0.677,0.081,22.005
2019-07-04 15:00,2019-07-04 17:00,1.426,0.508,0.075,21.692
2019-07-04 16:00,2019-07-04 18:00,0.952,0.312,0.068,21.234
2019-07-04 17:00,2019-07-04 19:00,0.434,0.120,0.059,21.063
2019-07-04 18:00,2019-07-04 20:00,0.058,0.003,0.031,19.223
2019-07-04 19:00,2019-07-04 21:00,0,0,0,18.242
2019-07-04 20:00,2019-07-04 22:00,0,0,0,17.814
2019-07-04 21:00,2019-07-04 23:00,0,0,0,16.979
2019-07-04 22:00,2019-07-05 00:00,0,0,0,15.815
2019-07-04 23:00,2019-07-05 01:00,0,0,0,14.430
2019-07-05 00:00,2019-07-05 02:00,0,0,0,13.328
2019-07-05 01:00,2019-07-05 03:00,0,0,0,12.632
2019-07-05 02:00,2019-07-05 04:00,0,0,0,12.358
2019-07-05 03:00,2019-07-05 05:00,0.004,0,0.008,12.276
2019-07-05 04:00,2019-07-05 06:00,0.113,0,0.055,13.539
2019-07-05 05:00,2019-07-05 07:00,0.283,0.002,0.117,15.508
2019-07-05 06:00,2019-07-05 08:00,0.618,0.093,0.152,17.409
2019-07-05 07:00,2019-07-05 09:00,0.979,0.214,0.173,19.341
2019-07-05 08:00,2019-07-05 10:00,1.250,0.292,0.210,20.554
2019-07-05 09:00,2019-07-05 11:00,1.438,0.349,0.237,21.287
2019-07-05 10:00,2019-07-05 12:00,1.719,0.506,0.213,21.975
2019-07-05 11:00,2019-07-05 13:00,1.912,0.639,0.179,22.565
2019-07-05 12:00,2019-07-05 14:00,1.946,0.678,0.159,22.895
2019-07-05 13:00,2019-07-05 15:00,1.803,0.612,0.152,22.940
2019-07-05 14:00,2019-07-05 16:00,1.595,0.527,0.137,22.814
2019-07-05 15:00,2019-07-05 17:00,1.211,0.359,0.131,22.474
2019-07-05 16:00,2019-07-05 18:00,0.807,0.213,0.110,22.032
2019-07-05 17:00,2019-07-05 19:00,0.376,0.075,0.082,21.096
2019-07-05 18:00,2019-07-05 20:00,0.058,0.002,0.032,19.233
2019-07-05 19:00,2019-07-05 21:00,0,0,0,18.881
2019-07-05 20:00,2019-07-05 22:00,0,0,0,18.992
2019-07-05 21:00,2019-07-05 23:00,0,0,0,18.475
2019-07-05 22:00,2019-07-06 00:00,0,0,0,17.442
2019-07-05 23:00,2019-07-06 01:00,0,0,0,16.282
2019-07-06 00:00,2019-07-06 02:00,0,0,0,15.253
2019-07-06 01:00,2019-07-06 03:00,0,0,0,14.429
2019-07-06 02:00,2019-07-06 04:00,0,0,0,13.810
2019-07-06 03:00,2019-07-06 05:00,0.006,0,0.010,13.523
2019-07-06 04:00,2019-07-06 06:00,0.095,0,0.049,15.525
2019-07-06 05:00,2019-07-06 07:00,0.156,0.009,0.063,18.003
2019-07-06 06:00,2019-07-06 08:00,0.643,0.184,0.072,19.782
2019-07-06 07:00,2019-07-06 09:00,1.137,0.378,0.080,21.911
2019-07-06 08:00,2019-07-06 10:00,1.550,0.556,0.088,23.294
2019-07-06 09:00,2019-07-06 11:00,1.850,0.699,0.096,24.224
2019-07-06 10:00,2019-07-06 12:00,2.034,0.792,0.102,24.872
2019-07-06 11:00,2019-07-06 13:00,2.110,0.833,0.105,25.259
2019-07-06 12:00,2019-07-06 14:00,2.095,0.827,0.104,25.397
2019-07-06 13:00,2019-07-06 15:00,1.906,0.715,0.114,25.175
2019-07-06 14:00,2019-07-06 16:00,1.474,0.465,0.149,24.441
2019-07-06 15:00,2019-07-06 17:00,1.010,0.248,0.160,23.432
2019-07-06 16:00,2019-07-06 18:00,0.711,0.166,0.121,22.621
2019-07-06 17:00,2019-07-06 19:00,0.360,0.071,0.080,21.503
2019-07-06 18:00,2019-07-06 20:00,0.051,0.001,0.030,19.425
2019-07-06 19:00,2019-07-06 21:00,0,0,0,18.110
2019-07-06 20:00,2019-07-06 22:00,0,0,0,17.842
2019-07-06 21:00,2019-07-06 23:00,0,0,0,17.624
2019-07-06 22:00,2019-07-07 00:00,0,0,0,17.331
2019-07-06 23:00,2019-07-07 01:00,0,0,0,17.039
2019-07-07 00:00,2019-07-07 02:00,0,0,0,16.629
2019-07-07 01:00,2019-07-07 03:00,0,0,0,16.053
2019-07-07 02:00,2019-07-07 04:00,0,0,0,15.634
2019-07-07 03:00,2019-07-07 05:00,0.005,0,0.008,15.354
2019-07-07 04:00,2019-07-07 06:00,0.132,0,0.063,16.003
2019-07-07 05:00,2019-07-07 07:00,0.290,0.003,0.119,16.809
2019-07-07 06:00,2019-07-07 08:00,0.635,0.106,0.145,18.065
2019-07-07 07:00,2019-07-07 09:00,1.039,0.253,0.158,19.410
2019-07-07 08:00,2019-07-07 10:00,1.426,0.412,0.166,20.473
2019-07-07 09:00,2019-07-07 11:00,1.578,0.412,0.236,20.824
2019-07-07 10:00,2019-07-07 12:00,0.896,0.056,0.298,19.496
2019-07-07 11:00,2019-07-07 13:00,0.478,0.010,0.182,17.937
2019-07-07 12:00,2019-07-07 14:00,0.677,0.025,0.242,17.797
2019-07-07 13:00,2019-07-07 15:00,1.055,0.114,0.302,18.605
2019-07-07 14:00,2019-07-07 16:00,1.188,0.225,0.248,19.279
2019-07-07 15:00,2019-07-07 17:00,1.059,0.235,0.184,19.422
2019-07-07 16:00,2019-07-07 18:00,0.690,0.130,0.143,18.948
2019-07-07 17:00,2019-07-07 19:00,0.320,0.041,0.093,17.960
2019-07-07 18:00,2019-07-07 20:00,0.056,0.001,0.032,16.085
2019-07-07 19:00,2019-07-07 21:00,0,0,0,14.213
2019-07-07 20:00,2019-07-07 22:00,0,0,0,13.487
2019-07-07 21:00,2019-07-07 23:00,0,0,0,12.855
2019-07-07 22:00,2019-07-08 00:00,0,0,0,12.328
2019-07-07 23:00,2019-07-08 01:00,0,0,0,12.079
2019-07-08 00:00,2019-07-08 02:00,0,0,0,11.931
2019-07-08 01:00,2019-07-08 03:00,0,0,0,11.635
2019-07-08 02:00,2019-07-08 04:00,0,0,0,11.227
2019-07-08 03:00,2019-07-08 05:00,0.002,0,0.007,10.970
2019-07-08 04:00,2019-07-08 06:00,0.131,0,0.061,11.617
2019-07-08 05:00,2019-07-08 07:00,0.317,0.003,0.127,13.380
2019-07-08 06:00,2019-07-08 08:00,0.596,0.047,0.185,14.416
2019-07-08 07:00,2019-07-08 09:00,0.880,0.101,0.240,15.296
2019-07-08 08:00,2019-07-08 10:00,1.104,0.142,0.289,16.161
2019-07-08 09:00,2019-07-08 11:00,1.092,0.102,0.325,16.604
2019-07-08 10:00,2019-07-08 12:00,0.931,0.052,0.311,16.551
2019-07-08 11:00,2019-07-08 13:00,0.838,0.037,0.290,16.446
2019-07-08 12:00,2019-07-08 14:00,0.792,0.033,0.275,16.429
2019-07-08 13:00,2019-07-08 15:00,0.740,0.033,0.256,16.426
2019-07-08 14:00,2019-07-08 16:00,0.688,0.035,0.233,16.389
2019-07-08 15:00,2019-07-08 17:00,0.583,0.035,0.194,16.287
2019-07-08 16:00,2019-07-08 18:00,0.531,0.053,0.158,16.169
2019-07-08 17:00,2019-07-08 19:00,0.338,0.042,0.098,15.737
2019-07-08 18:00,2019-07-08 20:00,0.055,0.001,0.031,14.026
2019-07-08 19:00,2019-07-08 21:00,0,0,0,12.872
2019-07-08 20:00,2019-07-08 22:00,0,0,0,12.620
2019-07-08 21:00,2019-07-08 23:00,0,0,0,12.180
2019-07-08 22:00,2019-07-09 00:00,0,0,0,11.682
2019-07-08 23:00,2019-07-09 01:00,0,0,0,10.938
2019-07-09 00:00,2019-07-09 02:00,0,0,0,10.254
2019-07-09 01:00,2019-07-09 03:00,0,0,0,9.606
2019-07-09 02:00,2019-07-09 04:00,0,0,0,9.041
2019-07-09 03:00,2019-07-09 05:00,0.003,0,0.007,8.705
2019-07-09 04:00,2019-07-09 06:00,0.124,0,0.058,9.611
2019-07-09 05:00,2019-07-09 07:00,0.246,0.004,0.100,11.144
2019-07-09 06:00,2019-07-09 08:00,0.624,0.127,0.115,13.203
2019-07-09 07:00,2019-07-09 09:00,1.108,0.321,0.108,14.710
2019-07-09 08:00,2019-07-09 10:00,1.551,0.512,0.106,15.898
2019-07-09 09:00,2019-07-09 11:00,1.864,0.651,0.113,16.783
2019-07-09 10:00,2019-07-09 12:00,1.967,0.681,0.137,17.335
2019-07-09 11:00,2019-07-09 13:00,2.105,0.762,0.128,17.816
2019-07-09 12:00,2019-07-09 14:00,2.153,0.807,0.110,18.189
2019-07-09 13:00,2019-07-09 15:00,2.033,0.753,0.102,18.293
2019-07-09 14:00,2019-07-09 16:00,1.768,0.628,0.097,18.100
2019-07-09 15:00,2019-07-09 17:00,1.418,0.478,0.087,17.709
2019-07-09 16:00,2019-07-09 18:00,0.852,0.237,0.096,16.968
2019-07-09 17:00,2019-07-09 19:00,0.362,0.070,0.078,15.801
2019-07-09 18:00,2019-07-09 20:00,0.053,0.002,0.030,13.518
2019-07-09 19:00,2019-07-09 21:00,0,0,0,11.446
2019-07-09 20:00,2019-07-09 22:00,0,0,0,10.480
2019-07-09 21:00,2019-07-09 23:00,0,0,0,9.610
2019-07-09 22:00,2019-07-10 00:00,0,0,0,8.827
2019-07-09 23:00,2019-07-10 01:00,0,0,0,8.144
2019-07-10 00:00,2019-07-10 02:00,0,0,0,7.572
2019-07-10 01:00,2019-07-10 03:00,0,0,0,7.119
2019-07-10 02:00,2019-07-10 04:00,0,0,0,6.858
2019-07-10 03:00,2019-07-10 05:00,0.004,0,0.008,6.860
2019-07-10 04:00,2019-07-10 06:00,0.087,0,0.044,8.327
2019-07-10 05:00,2019-07-10 07:00,0.136,0.006,0.057,10.471
2019-07-10 06:00,2019-07-10 08:00,0.654,0.187,0.065,12.929
2019-07-10 07:00,2019-07-10 09:00,1.176,0.381,0.074,14.266
2019-07-10 08:00,2019-07-10 10:00,1.616,0.563,0.081,15.333
2019-07-10 09:00,2019-07-10 11:00,1.960,0.725,0.084,16.294
2019-07-10 10:00,2019-07-10 12:00,2.179,0.839,0.085,17.105
2019-07-10 11:00,2019-07-10 13:00,2.279,0.897,0.084,17.788
2019-07-10 12:00,2019-07-10 14:00,2.249,0.884,0.084,18.274
2019-07-10 13:00,2019-07-10 15:00,2.104,0.812,0.081,18.517
2019-07-10 14:00,2019-07-10 16:00,1.841,0.685,0.077,18.505
2019-07-10 15:00,2019-07-10 17:00,1.457,0.514,0.071,18.258
2019-07-10 16:00,2019-07-10 18:00,0.971,0.316,0.064,17.761
2019-07-10 17:00,2019-07-10 19:00,0.441,0.123,0.055,17.091
2019-07-10 18:00,2019-07-10 20:00,0.052,0.003,0.028,15.260
2019-07-10 19:00,2019-07-10 21:00,0,0,0,14.154
2019-07-10 20:00,2019-07-10 22:00,0,0,0,13.309
2019-07-10 21:00,2019-07-10 23:00,0,0,0,12.154
2019-07-10 22:00,2019-07-11 00:00,0,0,0,11.146
2019-07-10 23:00,2019-07-11 01:00,0,0,0,10.450
2019-07-11 00:00,2019-07-11 02:00,0,0,0,10.056
2019-07-11 01:00,2019-07-11 03:00,0,0,0,9.848
2019-07-11 02:00,2019-07-11 04:00,0,0,0,9.484
2019-07-11 03:00,2019-07-11 05:00,0.004,0,0.008,9.426
2019-07-11 04:00,2019-07-11 06:00,0.145,0,0.067,11.258
2019-07-11 05:00,2019-07-11 07:00,0.317,0.002,0.128,13.397
2019-07-11 06:00,2019-07-11 08:00,0.605,0.044,0.192,15.076
2019-07-11 07:00,2019-07-11 09:00,0.806,0.064,0.251,16.676
2019-07-11 08:00,2019-07-11 10:00,0.927,0.068,0.295,17.540
2019-07-11 09:00,2019-07-11 11:00,0.923,0.052,0.310,17.924
2019-07-11 10:00,2019-07-11 12:00,0.888,0.040,0.308,18.012
2019-07-11 11:00,2019-07-11 13:00,0.795,0.028,0.284,17.687
2019-07-11 12:00,2019-07-11 14:00,0.703,0.021,0.255,17.127
2019-07-11 13:00,2019-07-11 15:00,0.597,0.016,0.220,16.495
2019-07-11 14:00,2019-07-11 16:00,0.428,0.009,0.163,15.695
2019-07-11 15:00,2019-07-11 17:00,0.266,0.004,0.108,14.785
2019-07-11 16:00,2019-07-11 18:00,0.154,0.002,0.069,14.031
2019-07-11 17:00,2019-07-11 19:00,0.069,0.001,0.037,13.509
2019-07-11 18:00,2019-07-11 20:00,0.010,0,0.011,12.944
2019-07-11 19:00,2019-07-11 21:00,0,0,0,12.213
2019-07-11 20:00,2019-07-11 22:00,0,0,0,11.854
2019-07-11 21:00,2019-07-11 23:00,0,0,0,11.532
2019-07-11 22:00,2019-07-12 00:00,0,0,0,11.223
2019-07-11 23:00,2019-07-12 01:00,0,0,0,10.900
2019-07-12 00:00,2019-07-12 02:00,0,0,0,10.605
2019-07-12 01:00,2019-07-12 03:00,0,0,0,10.372
2019-07-12 02:00,2019-07-12 04:00,0,0,0,10.213
2019-07-12 03:00,2019-07-12 05:00,0.004,0,0.008,10.226
2019-07-12 04:00,2019-07-12 06:00,0.137,0,0.064,11.981
2019-07-12 05:00,2019-07-12 07:00,0.305,0.001,0.125,13.561
2019-07-12 06:00,2019-07-12 08:00,0.547,0.030,0.185,14.941
2019-07-12 07:00,2019-07-12 09:00,0.807,0.073,0.241,16.691
2019-07-12 08:00,2019-07-12 10:00,1.138,0.169,0.280,18.305
2019-07-12 09:00,2019-07-12 11:00,1.350,0.227,0.313,19.079
2019-07-12 10:00,2019-07-12 12:00,1.094,0.093,0.339,18.383
2019-07-12 11:00,2019-07-12 13:00,0.718,0.024,0.257,17.050
2019-07-12 12:00,2019-07-12 14:00,0.678,0.022,0.244,16.356
2019-07-12 13:00,2019-07-12 15:00,0.806,0.043,0.271,16.379
2019-07-12 14:00,2019-07-12 16:00,0.933,0.093,0.271,17.006
2019-07-12 15:00,2019-07-12 17:00,0.747,0.075,0.218,17.530
2019-07-12 16:00,2019-07-12 18:00,0.408,0.025,0.141,17.518
2019-07-12 17:00,2019-07-12 19:00,0.192,0.008,0.078,16.815
2019-07-12 18:00,2019-07-12 20:00,0.024,0,0.019,15.406
2019-07-12 19:00,2019-07-12 21:00,0,0,0,14.784
2019-07-12 20:00,2019-07-12 22:00,0,0,0,14.799
2019-07-12 21:00,2019-07-12 23:00,0,0,0,14.684
2019-07-12 22:00,2019-07-13 00:00,0,0,0,14.344
2019-07-12 23:00,2019-07-13 01:00,0,0,0,13.775
2019-07-13 00:00,2019-07-13 02:00,0,0,0,13.234
2019-07-13 01:00,2019-07-13 03:00,0,0,0,12.833
2019-07-13 02:00,2019-07-13 04:00,0,0,0,12.489
2019-07-13 03:00,2019-07-13 05:00,0,0,0.004,12.168
2019-07-13 04:00,2019-07-13 06:00,0.092,0,0.047,12.068
2019-07-13 05:00,2019-07-13 07:00,0.288,0,0.119,12.249
2019-07-13 06:00,2019-07-13 08:00,0.629,0.064,0.179,12.922
2019-07-13 07:00,2019-07-13 09:00,0.995,0.173,0.209,14.002
2019-07-13 08:00,2019-07-13 10:00,1.235,0.217,0.264,15.040
2019-07-13 09:00,2019-07-13 11:00,1.120,0.113,0.322,15.386
2019-07-13 10:00,2019-07-13 12:00,0.957,0.057,0.314,15.501
2019-07-13 11:00,2019-07-13 13:00,0.847,0.038,0.291,15.574
2019-07-13 12:00,2019-07-13 14:00,0.804,0.035,0.277,15.648
2019-07-13 13:00,2019-07-13 15:00,0.817,0.045,0.273,15.808
2019-07-13 14:00,2019-07-13 16:00,0.765,0.051,0.247,15.867
2019-07-13 15:00,2019-07-13 17:00,0.701,0.061,0.212,15.838
2019-07-13 16:00,2019-07-13 18:00,0.504,0.046,0.154,15.600
2019-07-13 17:00,2019-07-13 19:00,0.269,0.022,0.092,15.004
2019-07-13 18:00,2019-07-13 20:00,0.041,0,0.026,13.478
2019-07-13 19:00,2019-07-13 21:00,0,0,0,12.053
2019-07-13 20:00,2019-07-13 22:00,0,0,0,11.629
2019-07-13 21:00,2019-07-13 23:00,0,0,0,11.257
2019-07-13 22:00,2019-07-14 00:00,0,0,0,11.072
2019-07-13 23:00,2019-07-14 01:00,0,0,0,10.868
2019-07-14 00:00,2019-07-14 02:00,0,0,0,10.605
2019-07-14 01:00,2019-07-14 03:00,0,0,0,10.413
2019-07-14 02:00,2019-07-14 04:00,0,0,0,10.154
2019-07-14 03:00,2019-07-14 05:00,0,0,0.005,10.005
2019-07-14 04:00,2019-07-14 06:00,0.121,0,0.058,11.175
2019-07-14 05:00,2019-07-14 07:00,0.289,0.001,0.119,12.330
2019-07-14 06:00,2019-07-14 08:00,0.585,0.055,0.172,13.692
2019-07-14 07:00,2019-07-14 09:00,0.909,0.139,0.212,14.939
2019-07-14 08:00,2019-07-14 10:00,1.252,0.255,0.235,16.214
2019-07-14 09:00,2019-07-14 11:00,1.314,0.234,0.285,17.056
2019-07-14 10:00,2019-07-14 12:00,1.521,0.319,0.292,17.731
2019-07-14 11:00,2019-07-14 13:00,1.593,0.356,0.289,18.180
2019-07-14 12:00,2019-07-14 14:00,1.558,0.349,0.281,18.402
2019-07-14 13:00,2019-07-14 15:00,1.419,0.305,0.264,18.443
2019-07-14 14:00,2019-07-14 16:00,1.239,0.258,0.233,18.347
2019-07-14 15:00,2019-07-14 17:00,0.911,0.159,0.198,17.976
2019-07-14 16:00,2019-07-14 18:00,0.573,0.080,0.147,17.359
2019-07-14 17:00,2019-07-14 19:00,0.312,0.041,0.089,16.448
2019-07-14 18:00,2019-07-14 20:00,0.045,0.001,0.027,14.358
2019-07-14 19:00,2019-07-14 21:00,0,0,0,12.693
2019-07-14 20:00,2019-07-14 22:00,0,0,0,12.266
2019-07-14 21:00,2019-07-14 23:00,0,0,0,12.031
2019-07-14 22:00,2019-07-15 00:00,0,0,0,11.925
2019-07-14 23:00,2019-07-15 01:00,0,0,0,12.023
2019-07-15 00:00,2019-07-15 02:00,0,0,0,11.943
2019-07-15 01:00,2019-07-15 03:00,0,0,0,11.543
2019-07-15 02:00,2019-07-15 04:00,0,0,0,11.087
2019-07-15 03:00,2019-07-15 05:00,0,0,0.005,10.771
2019-07-15 04:00,2019-07-15 06:00,0.095,0,0.048,11.267
2019-07-15 05:00,2019-07-15 07:00,0.267,0,0.111,12.099
2019-07-15 06:00,2019-07-15 08:00,0.556,0.050,0.167,13.700
2019-07-15 07:00,2019-07-15 09:00,0.921,0.165,0.191,15.337
2019-07-15 08:00,2019-07-15 10:00,1.339,0.350,0.179,16.757
2019-07-15 09:00,2019-07-15 11:00,1.738,0.560,0.151,17.953
2019-07-15 10:00,2019-07-15 12:00,2.021,0.723,0.130,18.928
2019-07-15 11:00,2019-07-15 13:00,2.135,0.793,0.124,19.559
2019-07-15 12:00,2019-07-15 14:00,2.103,0.778,0.123,19.898
2019-07-15 13:00,2019-07-15 15:00,1.948,0.701,0.121,19.990
2019-07-15 14:00,2019-07-15 16:00,1.687,0.580,0.115,19.854
2019-07-15 15:00,2019-07-15 17:00,1.320,0.423,0.106,19.537
2019-07-15 16:00,2019-07-15 18:00,0.845,0.236,0.098,18.995
2019-07-15 17:00,2019-07-15 19:00,0.344,0.064,0.079,17.998
2019-07-15 18:00,2019-07-15 20:00,0.042,0.001,0.026,15.994
2019-07-15 19:00,2019-07-15 21:00,0,0,0,15.088
2019-07-15 20:00,2019-07-15 22:00,0,0,0,15.200
2019-07-15 21:00,2019-07-15 23:00,0,0,0,15.057
2019-07-15 22:00,2019-07-16 00:00,0,0,0,14.016
2019-07-15 23:00,2019-07-16 01:00,0,0,0,12.490
2019-07-16 00:00,2019-07-16 02:00,0,0,0,11.146
2019-07-16 01:00,2019-07-16 03:00,0,0,0,10.296
2019-07-16 02:00,2019-07-16 04:00,0,0,0,9.566
2019-07-16 03:00,2019-07-16 05:00,0.001,0,0.006,9.274
2019-07-16 04:00,2019-07-16 06:00,0.100,0,0.050,10.567
2019-07-16 05:00,2019-07-16 07:00,0.163,0.001,0.073,12.312
2019-07-16 06:00,2019-07-16 08:00,0.621,0.161,0.081,14.535
2019-07-16 07:00,2019-07-16 09:00,1.123,0.353,0.086,16.328
2019-07-16 08:00,2019-07-16 10:00,1.582,0.552,0.086,17.754
2019-07-16 09:00,2019-07-16 11:00,1.912,0.709,0.089,18.848
2019-07-16 10:00,2019-07-16 12:00,2.116,0.814,0.093,19.712
2019-07-16 11:00,2019-07-16 13:00,2.208,0.866,0.093,20.366
2019-07-16 12:00,2019-07-16 14:00,2.185,0.859,0.092,20.774
2019-07-16 13:00,2019-07-16 15:00,2.043,0.787,0.089,20.921
2019-07-16 14:00,2019-07-16 16:00,1.783,0.661,0.084,20.830
2019-07-16 15:00,2019-07-16 17:00,1.403,0.491,0.078,20.525
2019-07-16 16:00,2019-07-16 18:00,0.925,0.297,0.070,19.953
2019-07-16 17:00,2019-07-16 19:00,0.409,0.109,0.058,18.888
2019-07-16 18:00,2019-07-16 20:00,0.042,0.002,0.025,16.646
2019-07-16 19:00,2019-07-16 21:00,0,0,0,15.776
2019-07-16 20:00,2019-07-16 22:00,0,0,0,15.410
2019-07-16 21:00,2019-07-16 23:00,0,0,0,14.877
2019-07-16 22:00,2019-07-17 00:00,0,0,0,14.226
2019-07-16 23:00,2019-07-17 01:00,0,0,0,13.553
2019-07-17 00:00,2019-07-17 02:00,0,0,0,13.107
2019-07-17 01:00,2019-07-17 03:00,0,0,0,12.657
2019-07-17 02:00,2019-07-17 04:00,0,0,0,12.121
2019-07-17 03:00,2019-07-17 05:00,0.001,0,0.006,11.713
2019-07-17 04:00,2019-07-17 06:00,0.115,0,0.056,12.639
2019-07-17 05:00,2019-07-17 07:00,0.239,0,0.103,14.767
2019-07-17 06:00,2019-07-17 08:00,0.605,0.104,0.134,16.624
2019-07-17 07:00,2019-07-17 09:00,0.994,0.236,0.156,18.870
2019-07-17 08:00,2019-07-17 10:00,1.381,0.398,0.160,20.146
2019-07-17 09:00,2019-07-17 11:00,1.755,0.588,0.144,21.135
2019-07-17 10:00,2019-07-17 12:00,1.925,0.664,0.156,21.835
2019-07-17 11:00,2019-07-17 13:00,1.794,0.540,0.216,22.068
2019-07-17 12:00,2019-07-17 14:00,1.484,0.336,0.273,21.928
2019-07-17 13:00,2019-07-17 15:00,1.369,0.295,0.263,21.869
2019-07-17 14:00,2019-07-17 16:00,1.040,0.169,0.248,21.621
2019-07-17 15:00,2019-07-17 17:00,0.583,0.048,0.187,21.084
2019-07-17 16:00,2019-07-17 18:00,0.310,0.016,0.115,20.366
2019-07-17 17:00,2019-07-17 19:00,0.194,0.012,0.075,19.418
2019-07-17 18:00,2019-07-17 20:00,0.037,0.001,0.024,18.171
2019-07-17 19:00,2019-07-17 21:00,0,0,0,17.480
2019-07-17 20:00,2019-07-17 22:00,0,0,0,16.915
2019-07-17 21:00,2019-07-17 23:00,0,0,0,16.274
2019-07-17 22:00,2019-07-18 00:00,0,0,0,15.786
2019-07-17 23:00,2019-07-18 01:00,0,0,0,14.983
2019-07-18 00:00,2019-07-18 02:00,0,0,0,13.958
2019-07-18 01:00,2019-07-18 03:00,0,0,0,13.255
2019-07-18 02:00,2019-07-18 04:00,0,0,0,12.677
2019-07-18 03:00,2019-07-18 05:00,0,0,0.005,12.315
2019-07-18 04:00,2019-07-18 06:00,0.111,0,0.054,13.335
2019-07-18 05:00,2019-07-18 07:00,0.263,0,0.112,15.323
2019-07-18 06:00,2019-07-18 08:00,0.527,0.043,0.167,16.723
2019-07-18 07:00,2019-07-18 09:00,0.858,0.134,0.204,18.720
2019-07-18 08:00,2019-07-18 10:00,1.250,0.300,0.202,20.287
2019-07-18 09:00,2019-07-18 11:00,1.623,0.492,0.179,21.387
2019-07-18 10:00,2019-07-18 12:00,1.833,0.601,0.175,22.085
2019-07-18 11:00,2019-07-18 13:00,1.836,0.583,0.195,22.363
2019-07-18 12:00,2019-07-18 14:00,1.741,0.522,0.209,22.413
2019-07-18 13:00,2019-07-18 15:00,1.560,0.437,0.209,22.346
2019-07-18 14:00,2019-07-18 16:00,1.408,0.398,0.178,22.242
2019-07-18 15:00,2019-07-18 17:00,1.028,0.250,0.162,21.951
2019-07-18 16:00,2019-07-18 18:00,0.727,0.174,0.118,21.663
2019-07-18 17:00,2019-07-18 19:00,0.347,0.069,0.076,20.427
2019-07-18 18:00,2019-07-18 20:00,0.035,0.001,0.023,18.656
2019-07-18 19:00,2019-07-18 21:00,0,0,0,18.235
2019-07-18 20:00,2019-07-18 22:00,0,0,0,18.001
2019-07-18 21:00,2019-07-18 23:00,0,0,0,17.564
2019-07-18 22:00,2019-07-19 00:00,0,0,0,16.537
2019-07-18 23:00,2019-07-19 01:00,0,0,0,15.603
2019-07-19 00:00,2019-07-19 02:00,0,0,0,14.976
2019-07-19 01:00,2019-07-19 03:00,0,0,0,14.648
2019-07-19 02:00,2019-07-19 04:00,0,0,0,14.374
2019-07-19 03:00,2019-07-19 05:00,0,0,0.003,14.120
2019-07-19 04:00,2019-07-19 06:00,0.085,0,0.044,14.817
2019-07-19 05:00,2019-07-19 07:00,0.263,0,0.112,16.631
2019-07-19 06:00,2019-07-19 08:00,0.507,0.026,0.177,18.215
2019-07-19 07:00,2019-07-19 09:00,0.609,0.030,0.213,19.797
2019-07-19 08:00,2019-07-19 10:00,0.687,0.033,0.242,20.408
2019-07-19 09:00,2019-07-19 11:00,0.893,0.064,0.292,21.033
2019-07-19 10:00,2019-07-19 12:00,1.353,0.227,0.324,22.046
2019-07-19 11:00,2019-07-19 13:00,1.577,0.366,0.288,22.638
2019-07-19 12:00,2019-07-19 14:00,1.696,0.468,0.244,22.809
2019-07-19 13:00,2019-07-19 15:00,1.623,0.463,0.215,22.911
2019-07-19 14:00,2019-07-19 16:00,1.387,0.373,0.196,22.862
2019-07-19 15:00,2019-07-19 17:00,1.041,0.244,0.176,22.655
2019-07-19 16:00,2019-07-19 18:00,0.599,0.098,0.145,22.693
2019-07-19 17:00,2019-07-19 19:00,0.222,0.018,0.081,21.882
2019-07-19 18:00,2019-07-19 20:00,0.024,0,0.019,20.702
2019-07-19 19:00,2019-07-19 21:00,0,0,0,19.472
2019-07-19 20:00,2019-07-19 22:00,0,0,0,18.266
2019-07-19 21:00,2019-07-19 23:00,0,0,0,17.466
2019-07-19 22:00,2019-07-20 00:00,0,0,0,16.895
2019-07-19 23:00,2019-07-20 01:00,0,0,0,16.456
2019-07-20 00:00,2019-07-20 02:00,0,0,0,16.212
2019-07-20 01:00,2019-07-20 03:00,0,0,0,16.037
2019-07-20 02:00,2019-07-20 04:00,0,0,0,15.731
2019-07-20 03:00,2019-07-20 05:00,0,0,0.004,15.087
2019-07-20 04:00,2019-07-20 06:00,0.106,0,0.053,15.883
2019-07-20 05:00,2019-07-20 07:00,0.191,0,0.086,18.035
2019-07-20 06:00,2019-07-20 08:00,0.610,0.144,0.100,19.774
2019-07-20 07:00,2019-07-20 09:00,1.074,0.322,0.110,22.295
2019-07-20 08:00,2019-07-20 10:00,1.453,0.477,0.126,23.884
2019-07-20 09:00,2019-07-20 11:00,1.728,0.598,0.140,24.979
2019-07-20 10:00,2019-07-20 12:00,1.891,0.665,0.158,25.674
2019-07-20 11:00,2019-07-20 13:00,1.630,0.438,0.255,25.707
2019-07-20 12:00,2019-07-20 14:00,1.162,0.165,0.312,25.348
2019-07-20 13:00,2019-07-20 15:00,0.784,0.060,0.259,25.113
2019-07-20 14:00,2019-07-20 16:00,0.827,0.090,0.247,25.291
2019-07-20 15:00,2019-07-20 17:00,0.725,0.095,0.202,25.721
2019-07-20 16:00,2019-07-20 18:00,0.437,0.043,0.140,24.974
2019-07-20 17:00,2019-07-20 19:00,0.143,0.006,0.063,23.076
2019-07-20 18:00,2019-07-20 20:00,0.007,0,0.010,21.426
2019-07-20 19:00,2019-07-20 21:00,0,0,0,20.255
2019-07-20 20:00,2019-07-20 22:00,0,0,0,19.269
2019-07-20 21:00,2019-07-20 23:00,0,0,0,18.911
2019-07-20 22:00,2019-07-21 00:00,0,0,0,18.481
2019-07-20 23:00,2019-07-21 01:00,0,0,0,18.055
2019-07-21 00:00,2019-07-21 02:00,0,0,0,17.441
2019-07-21 01:00,2019-07-21 03:00,0,0,0,17.221
2019-07-21 02:00,2019-07-21 04:00,0,0,0,17.173
2019-07-21 03:00,2019-07-21 05:00,0,0,0.001,16.993
2019-07-21 04:00,2019-07-21 06:00,0.027,0,0.020,16.991
2019-07-21 05:00,2019-07-21 07:00,0.101,0,0.051,17.253
2019-07-21 06:00,2019-07-21 08:00,0.234,0.002,0.100,17.640
2019-07-21 07:00,2019-07-21 09:00,0.393,0.007,0.155,18.719
2019-07-21 08:00,2019-07-21 10:00,0.533,0.013,0.201,18.824
2019-07-21 09:00,2019-07-21 11:00,0.808,0.039,0.280,19.439
2019-07-21 10:00,2019-07-21 12:00,1.354,0.204,0.344,20.793
2019-07-21 11:00,2019-07-21 13:00,1.563,0.333,0.313,21.901
2019-07-21 12:00,2019-07-21 14:00,1.619,0.391,0.283,22.532
2019-07-21 13:00,2019-07-21 15:00,1.490,0.353,0.262,22.644
2019-07-21 14:00,2019-07-21 16:00,1.315,0.304,0.232,22.481
2019-07-21 15:00,2019-07-21 17:00,0.805,0.109,0.213,21.948
2019-07-21 16:00,2019-07-21 18:00,0.368,0.022,0.132,21.327
2019-07-21 17:00,2019-07-21 19:00,0.147,0.005,0.065,20.499
2019-07-21 18:00,2019-07-21 20:00,0.013,0,0.013,19.586
2019-07-21 19:00,2019-07-21 21:00,0,0,0,19.435
2019-07-21 20:00,2019-07-21 22:00,0,0,0,18.962
2019-07-21 21:00,2019-07-21 23:00,0,0,0,17.966
2019-07-21 22:00,2019-07-22 00:00,0,0,0,16.996
2019-07-21 23:00,2019-07-22 01:00,0,0,0,16.249
2019-07-22 00:00,2019-07-22 02:00,0,0,0,15.826
2019-07-22 01:00,2019-07-22 03:00,0,0,0,15.630
2019-07-22 02:00,2019-07-22 04:00,0,0,0,15.285
2019-07-22 03:00,2019-07-22 05:00,0,0,0.004,15.122
2019-07-22 04:00,2019-07-22 06:00,0.088,0,0.046,15.867
2019-07-22 05:00,2019-07-22 07:00,0.220,0,0.097,17.382
2019-07-22 06:00,2019-07-22 08:00,0.526,0.059,0.153,19.803
2019-07-22 07:00,2019-07-22 09:00,1.051,0.312,0.111,22.374
2019-07-22 08:00,2019-07-22 10:00,1.461,0.493,0.111,23.309
2019-07-22 09:00,2019-07-22 11:00,1.732,0.607,0.128,23.906
2019-07-22 10:00,2019-07-22 12:00,1.807,0.613,0.160,24.340
2019-07-22 11:00,2019-07-22 13:00,1.891,0.658,0.159,24.661
2019-07-22 12:00,2019-07-22 14:00,2.033,0.774,0.120,25.029
2019-07-22 13:00,2019-07-22 15:00,1.928,0.732,0.108,25.120
2019-07-22 14:00,2019-07-22 16:00,1.660,0.599,0.104,24.926
2019-07-22 15:00,2019-07-22 17:00,1.271,0.422,0.100,24.556
2019-07-22 16:00,2019-07-22 18:00,0.814,0.241,0.089,24.248
2019-07-22 17:00,2019-07-22 19:00,0.342,0.078,0.067,23.149
2019-07-22 18:00,2019-07-22 20:00,0.026,0.001,0.019,21.258
2019-07-22 19:00,2019-07-22 21:00,0,0,0,20.696
2019-07-22 20:00,2019-07-22 22:00,0,0,0,20.594
2019-07-22 21:00,2019-07-22 23:00,0,0,0,19.982
2019-07-22 22:00,2019-07-23 00:00,0,0,0,19.235
2019-07-22 23:00,2019-07-23 01:00,0,0,0,18.495
2019-07-23 00:00,2019-07-23 02:00,0,0,0,17.904
2019-07-23 01:00,2019-07-23 03:00,0,0,0,17.490
2019-07-23 02:00,2019-07-23 04:00,0,0,0,17.187
2019-07-23 03:00,2019-07-23 05:00,0,0,0.003,16.766
2019-07-23 04:00,2019-07-23 06:00,0.081,0,0.043,17.057
2019-07-23 05:00,2019-07-23 07:00,0.131,0,0.063,19.294
2019-07-23 06:00,2019-07-23 08:00,0.581,0.164,0.072,22.168
2019-07-23 07:00,2019-07-23 09:00,1.068,0.357,0.080,25.099
2019-07-23 08:00,2019-07-23 10:00,1.497,0.540,0.086,24.913
2019-07-23 09:00,2019-07-23 11:00,1.818,0.692,0.092,25.255
2019-07-23 10:00,2019-07-23 12:00,2.025,0.798,0.095,25.426
2019-07-23 11:00,2019-07-23 13:00,2.112,0.846,0.096,25.754
2019-07-23 12:00,2019-07-23 14:00,2.089,0.836,0.095,25.927
2019-07-23 13:00,2019-07-23 15:00,1.953,0.765,0.092,25.901
2019-07-23 14:00,2019-07-23 16:00,1.700,0.640,0.086,25.670
2019-07-23 15:00,2019-07-23 17:00,1.332,0.473,0.079,25.334
2019-07-23 16:00,2019-07-23 18:00,0.866,0.282,0.071,24.809
2019-07-23 17:00,2019-07-23 19:00,0.367,0.099,0.056,23.375
2019-07-23 18:00,2019-07-23 20:00,0.024,0.001,0.018,20.506
2019-07-23 19:00,2019-07-23 21:00,0,0,0,19.081
2019-07-23 20:00,2019-07-23 22:00,0,0,0,18.578
2019-07-23 21:00,2019-07-23 23:00,0,0,0,18.129
2019-07-23 22:00,2019-07-24 00:00,0,0,0,17.757
2019-07-23 23:00,2019-07-24 01:00,0,0,0,17.517
2019-07-24 00:00,2019-07-24 02:00,0,0,0,17.375
2019-07-24 01:00,2019-07-24 03:00,0,0,0,17.256
2019-07-24 02:00,2019-07-24 04:00,0,0,0,17.061
2019-07-24 03:00,2019-07-24 05:00,0,0,0.003,16.702
2019-07-24 04:00,2019-07-24 06:00,0.074,0,0.040,17.589
2019-07-24 05:00,2019-07-24 07:00,0.121,0,0.060,20.041
2019-07-24 06:00,2019-07-24 08:00,0.576,0.166,0.070,23.680
2019-07-24 07:00,2019-07-24 09:00,1.063,0.360,0.078,26.488
2019-07-24 08:00,2019-07-24 10:00,1.474,0.544,0.085,28.455
2019-07-24 09:00,2019-07-24 11:00,1.785,0.696,0.091,29.106
2019-07-24 10:00,2019-07-24 12:00,1.990,0.800,0.094,28.862
2019-07-24 11:00,2019-07-24 13:00,2.083,0.848,0.096,28.546
2019-07-24 12:00,2019-07-24 14:00,2.055,0.833,0.096,28.516
2019-07-24 13:00,2019-07-24 15:00,1.907,0.752,0.095,28.548
2019-07-24 14:00,2019-07-24 16:00,1.641,0.617,0.093,28.358
2019-07-24 15:00,2019-07-24 17:00,1.259,0.441,0.089,28.655
2019-07-24 16:00,2019-07-24 18:00,0.790,0.246,0.082,28.805
2019-07-24 17:00,2019-07-24 19:00,0.324,0.079,0.063,27.173
2019-07-24 18:00,2019-07-24 20:00,0.021,0.001,0.017,25.027
2019-07-24 19:00,2019-07-24 21:00,0,0,0,24.064
2019-07-24 20:00,2019-07-24 22:00,0,0,0,23.395
2019-07-24 21:00,2019-07-24 23:00,0,0,0,22.542
2019-07-24 22:00,2019-07-25 00:00,0,0,0,21.578
2019-07-24 23:00,2019-07-25 01:00,0,0,0,20.992
2019-07-25 00:00,2019-07-25 02:00,0,0,0,20.836
2019-07-25 01:00,2019-07-25 03:00,0,0,0,20.617
2019-07-25 02:00,2019-07-25 04:00,0,0,0,20.634
2019-07-25 03:00,2019-07-25 05:00,0,0,0.003,20.441
2019-07-25 04:00,2019-07-25 06:00,0.084,0,0.045,20.599
2019-07-25 05:00,2019-07-25 07:00,0.163,0,0.077,22.198
2019-07-25 06:00,2019-07-25 08:00,0.569,0.140,0.094,24.177
2019-07-25 07:00,2019-07-25 09:00,1.005,0.302,0.112,26.626
2019-07-25 08:00,2019-07-25 10:00,1.330,0.423,0.138,28.316
2019-07-25 09:00,2019-07-25 11:00,1.625,0.556,0.145,28.226
2019-07-25 10:00,2019-07-25 12:00,1.882,0.705,0.131,28.892
2019-07-25 11:00,2019-07-25 13:00,2.010,0.786,0.121,29.112
2019-07-25 12:00,2019-07-25 14:00,1.992,0.779,0.118,29.213
2019-07-25 13:00,2019-07-25 15:00,1.828,0.687,0.121,29.105
2019-07-25 14:00,2019-07-25 16:00,1.512,0.517,0.131,28.734
2019-07-25 15:00,2019-07-25 17:00,1.034,0.282,0.147,28.339
2019-07-25 16:00,2019-07-25 18:00,0.487,0.072,0.133,27.229
2019-07-25 17:00,2019-07-25 19:00,0.141,0.008,0.061,24.788
2019-07-25 18:00,2019-07-25 20:00,0.008,0,0.011,22.821
2019-07-25 19:00,2019-07-25 21:00,0,0,0,22.066
2019-07-25 20:00,2019-07-25 22:00,0,0,0,21.673
2019-07-25 21:00,2019-07-25 23:00,0,0,0,21.183
2019-07-25 22:00,2019-07-26 00:00,0,0,0,20.756
2019-07-25 23:00,2019-07-26 01:00,0,0,0,20.589
2019-07-26 00:00,2019-07-26 02:00,0,0,0,20.431
2019-07-26 01:00,2019-07-26 03:00,0,0,0,20.170
2019-07-26 02:00,2019-07-26 04:00,0,0,0,19.871
2019-07-26 03:00,2019-07-26 05:00,0,0,0.003,19.581
2019-07-26 04:00,2019-07-26 06:00,0.080,0,0.044,19.923
2019-07-26 05:00,2019-07-26 07:00,0.145,0,0.070,22.011
2019-07-26 06:00,2019-07-26 08:00,0.570,0.153,0.081,24.079
2019-07-26 07:00,2019-07-26 09:00,1.040,0.341,0.089,27.474
2019-07-26 08:00,2019-07-26 10:00,1.443,0.521,0.097,29.373
2019-07-26 09:00,2019-07-26 11:00,1.749,0.668,0.103,29.803
2019-07-26 10:00,2019-07-26 12:00,1.944,0.766,0.109,29.662
2019-07-26 11:00,2019-07-26 13:00,2.026,0.807,0.112,29.627
2019-07-26 12:00,2019-07-26 14:00,1.984,0.782,0.115,29.661
2019-07-26 13:00,2019-07-26 15:00,1.817,0.687,0.118,29.605
2019-07-26 14:00,2019-07-26 16:00,1.499,0.520,0.127,29.933
2019-07-26 15:00,2019-07-26 17:00,1.038,0.297,0.139,30.148
2019-07-26 16:00,2019-07-26 18:00,0.544,0.103,0.126,28.967
2019-07-26 17:00,2019-07-26 19:00,0.193,0.020,0.070,26.785
2019-07-26 18:00,2019-07-26 20:00,0.012,0,0.013,24.991
2019-07-26 19:00,2019-07-26 21:00,0,0,0,23.544
2019-07-26 20:00,2019-07-26 22:00,0,0,0,22.280
2019-07-26 21:00,2019-07-26 23:00,0,0,0,21.342
2019-07-26 22:00,2019-07-27 00:00,0,0,0,20.390
2019-07-26 23:00,2019-07-27 01:00,0,0,0,19.687
2019-07-27 00:00,2019-07-27 02:00,0,0,0,19.170
2019-07-27 01:00,2019-07-27 03:00,0,0,0,18.574
2019-07-27 02:00,2019-07-27 04:00,0,0,0,18.064
2019-07-27 03:00,2019-07-27 05:00,0,0,0.002,17.777
2019-07-27 04:00,2019-07-27 06:00,0.065,0,0.037,17.944
2019-07-27 05:00,2019-07-27 07:00,0.219,0,0.097,18.471
2019-07-27 06:00,2019-07-27 08:00,0.357,0.005,0.143,18.994
2019-07-27 07:00,2019-07-27 09:00,0.419,0.007,0.165,19.332
2019-07-27 08:00,2019-07-27 10:00,0.463,0.007,0.181,19.550
2019-07-27 09:00,2019-07-27 11:00,0.539,0.010,0.208,20.001
2019-07-27 10:00,2019-07-27 12:00,0.630,0.014,0.239,20.724
2019-07-27 11:00,2019-07-27 13:00,0.658,0.015,0.249,21.288
2019-07-27 12:00,2019-07-27 14:00,0.509,0.009,0.198,20.853
2019-07-27 13:00,2019-07-27 15:00,0.359,0.005,0.145,20.368
2019-07-27 14:00,2019-07-27 16:00,0.293,0.004,0.122,20.221
2019-07-27 15:00,2019-07-27 17:00,0.223,0.003,0.096,20.335
2019-07-27 16:00,2019-07-27 18:00,0.147,0.002,0.068,19.888
2019-07-27 17:00,2019-07-27 19:00,0.067,0.001,0.037,18.862
2019-07-27 18:00,2019-07-27 20:00,0.002,0,0.006,17.586
2019-07-27 19:00,2019-07-27 21:00,0,0,0,16.922
2019-07-27 20:00,2019-07-27 22:00,0,0,0,16.554
2019-07-27 21:00,2019-07-27 23:00,0,0,0,15.945
2019-07-27 22:00,2019-07-28 00:00,0,0,0,15.426
2019-07-27 23:00,2019-07-28 01:00,0,0,0,14.958
2019-07-28 00:00,2019-07-28 02:00,0,0,0,14.702
2019-07-28 01:00,2019-07-28 03:00,0,0,0,14.495
2019-07-28 02:00,2019-07-28 04:00,0,0,0,14.321
2019-07-28 03:00,2019-07-28 05:00,0,0,0.001,14.291
2019-07-28 04:00,2019-07-28 06:00,0.017,0,0.015,14.455
2019-07-28 05:00,2019-07-28 07:00,0.103,0,0.052,14.817
2019-07-28 06:00,2019-07-28 08:00,0.263,0.002,0.110,15.469
2019-07-28 07:00,2019-07-28 09:00,0.403,0.005,0.158,16.384
2019-07-28 08:00,2019-07-28 10:00,0.512,0.008,0.196,17.363
2019-07-28 09:00,2019-07-28 11:00,0.503,0.007,0.195,18.093
2019-07-28 10:00,2019-07-28 12:00,0.463,0.006,0.182,18.522
2019-07-28 11:00,2019-07-28 13:00,0.462,0.006,0.181,18.815
2019-07-28 12:00,2019-07-28 14:00,0.478,0.007,0.187,18.994
2019-07-28 13:00,2019-07-28 15:00,0.409,0.005,0.162,18.999
2019-07-28 14:00,2019-07-28 16:00,0.288,0.003,0.120,18.816
2019-07-28 15:00,2019-07-28 17:00,0.170,0.002,0.077,18.488
2019-07-28 16:00,2019-07-28 18:00,0.078,0.001,0.042,18.059
2019-07-28 17:00,2019-07-28 19:00,0.021,0,0.017,17.566
2019-07-28 18:00,2019-07-28 20:00,0,0,0.002,17.133
2019-07-28 19:00,2019-07-28 21:00,0,0,0,16.850
2019-07-28 20:00,2019-07-28 22:00,0,0,0,16.558
2019-07-28 21:00,2019-07-28 23:00,0,0,0,16.220
2019-07-28 22:00,2019-07-29 00:00,0,0,0,15.842
2019-07-28 23:00,2019-07-29 01:00,0,0,0,15.438
2019-07-29 00:00,2019-07-29 02:00,0,0,0,15.066
2019-07-29 01:00,2019-07-29 03:00,0,0,0,14.755
2019-07-29 02:00,2019-07-29 04:00,0,0,0,14.488
2019-07-29 03:00,2019-07-29 05:00,0,0,0.001,14.213
2019-07-29 04:00,2019-07-29 06:00,0.035,0,0.024,14.092
2019-07-29 05:00,2019-07-29 07:00,0.170,0,0.077,14.308
2019-07-29 06:00,2019-07-29 08:00,0.375,0.009,0.143,14.763
2019-07-29 07:00,2019-07-29 09:00,0.616,0.030,0.211,15.466
2019-07-29 08:00,2019-07-29 10:00,0.859,0.066,0.268,16.438
2019-07-29 09:00,2019-07-29 11:00,1.054,0.106,0.307,17.379
2019-07-29 10:00,2019-07-29 12:00,1.243,0.166,0.327,18.260
2019-07-29 11:00,2019-07-29 13:00,1.416,0.249,0.321,19.132
2019-07-29 12:00,2019-07-29 14:00,1.485,0.311,0.291,19.835
2019-07-29 13:00,2019-07-29 15:00,1.538,0.392,0.236,20.396
2019-07-29 14:00,2019-07-29 16:00,1.480,0.426,0.177,20.708
2019-07-29 15:00,2019-07-29 17:00,1.062,0.259,0.164,20.554
2019-07-29 16:00,2019-07-29 18:00,0.622,0.116,0.133,20.032
2019-07-29 17:00,2019-07-29 19:00,0.233,0.026,0.076,19.126
2019-07-29 18:00,2019-07-29 20:00,0.013,0,0.013,17.480
2019-07-29 19:00,2019-07-29 21:00,0,0,0,16.534
2019-07-29 20:00,2019-07-29 22:00,0,0,0,16.039
2019-07-29 21:00,2019-07-29 23:00,0,0,0,15.722
2019-07-29 22:00,2019-07-30 00:00,0,0,0,15.584
2019-07-29 23:00,2019-07-30 01:00,0,0,0,15.474
2019-07-30 00:00,2019-07-30 02:00,0,0,0,15.234
2019-07-30 01:00,2019-07-30 03:00,0,0,0,14.956
2019-07-30 02:00,2019-07-30 04:00,0,0,0,14.539
2019-07-30 03:00,2019-07-30 05:00,0,0,0.001,13.984
2019-07-30 04:00,2019-07-30 06:00,0.078,0,0.042,14.763
2019-07-30 05:00,2019-07-30 07:00,0.204,0,0.090,16.537
2019-07-30 06:00,2019-07-30 08:00,0.560,0.114,0.110,18.394
2019-07-30 07:00,2019-07-30 09:00,0.967,0.251,0.133,19.822
2019-07-30 08:00,2019-07-30 10:00,1.356,0.408,0.141,20.919
2019-07-30 09:00,2019-07-30 11:00,1.721,0.587,0.132,21.871
2019-07-30 10:00,2019-07-30 12:00,1.892,0.666,0.141,22.506
2019-07-30 11:00,2019-07-30 13:00,1.966,0.703,0.144,22.921
2019-07-30 12:00,2019-07-30 14:00,1.935,0.690,0.142,23.159
2019-07-30 13:00,2019-07-30 15:00,1.848,0.664,0.125,23.288
2019-07-30 14:00,2019-07-30 16:00,1.615,0.561,0.113,23.200
2019-07-30 15:00,2019-07-30 17:00,1.200,0.378,0.110,22.909
2019-07-30 16:00,2019-07-30 18:00,0.790,0.230,0.087,22.445
2019-07-30 17:00,2019-07-30 19:00,0.312,0.071,0.062,21.471
2019-07-30 18:00,2019-07-30 20:00,0.013,0.001,0.013,19.684
2019-07-30 19:00,2019-07-30 21:00,0,0,0,19.184
2019-07-30 20:00,2019-07-30 22:00,0,0,0,18.996
2019-07-30 21:00,2019-07-30 23:00,0,0,0,18.885
2019-07-30 22:00,2019-07-31 00:00,0,0,0,18.458
2019-07-30 23:00,2019-07-31 01:00,0,0,0,17.306
2019-07-31 00:00,2019-07-31 02:00,0,0,0,15.892
2019-07-31 01:00,2019-07-31 03:00,0,0,0,14.527
2019-07-31 02:00,2019-07-31 04:00,0,0,0,13.808
2019-07-31 03:00,2019-07-31 05:00,0,0,0.001,13.204
2019-07-31 04:00,2019-07-31 06:00,0.083,0,0.044,13.277
2019-07-31 05:00,2019-07-31 07:00,0.244,0,0.104,14.119
2019-07-31 06:00,2019-07-31 08:00,0.584,0.076,0.153,15.434
2019-07-31 07:00,2019-07-31 09:00,0.825,0.099,0.222,16.294
2019-07-31 08:00,2019-07-31 10:00,0.888,0.076,0.270,16.694
2019-07-31 09:00,2019-07-31 11:00,0.911,0.063,0.293,16.918
2019-07-31 10:00,2019-07-31 12:00,0.981,0.070,0.313,17.221
2019-07-31 11:00,2019-07-31 13:00,0.988,0.072,0.314,17.449
2019-07-31 12:00,2019-07-31 14:00,1.050,0.092,0.320,17.709
2019-07-31 13:00,2019-07-31 15:00,0.715,0.037,0.244,17.413
2019-07-31 14:00,2019-07-31 16:00,0.677,0.042,0.224,17.339
2019-07-31 15:00,2019-07-31 17:00,0.713,0.079,0.202,17.615
2019-07-31 16:00,2019-07-31 18:00,0.475,0.052,0.139,17.725
2019-07-31 17:00,2019-07-31 19:00,0.196,0.016,0.072,17.505
2019-07-31 18:00,2019-07-31 20:00,0.009,0,0.011,16.194
2019-07-31 19:00,2019-07-31 21:00,0,0,0,14.921
2019-07-31 20:00,2019-07-31 22:00,0,0,0,13.981
2019-07-31 21:00,2019-07-31 23:00,0,0,0,13.531
2019-07-31 22:00,2019-08-01 00:00,0,0,0,13.496
2019-07-31 23:00,2019-08-01 01:00,0,0,0,13.619
2019-08-01 00:00,2019-08-01 02:00,0,0,0,13.665
2019-08-01 01:00,2019-08-01 03:00,0,0,0,13.692
2019-08-01 02:00,2019-08-01 04:00,0,0,0,13.731
2019-08-01 03:00,2019-08-01 05:00,0,0,0.001,13.627
2019-08-01 04:00,2019-08-01 06:00,0.073,0,0.040,13.967
2019-08-01 05:00,2019-08-01 07:00,0.190,0,0.085,15.838
2019-08-01 06:00,2019-08-01 08:00,0.543,0.102,0.115,17.951
2019-08-01 07:00,2019-08-01 09:00,0.998,0.279,0.118,20.462
2019-08-01 08:00,2019-08-01 10:00,1.451,0.482,0.112,21.808
2019-08-01 09:00,2019-08-01 11:00,1.773,0.624,0.118,21.086
2019-08-01 10:00,2019-08-01 12:00,2.007,0.745,0.116,21.580
2019-08-01 11:00,2019-08-01 13:00,2.086,0.784,0.120,21.971
2019-08-01 12:00,2019-08-01 14:00,1.951,0.695,0.140,22.079
2019-08-01 13:00,2019-08-01 15:00,1.805,0.625,0.137,22.070
2019-08-01 14:00,2019-08-01 16:00,1.546,0.508,0.130,21.876
2019-08-01 15:00,2019-08-01 17:00,1.109,0.315,0.130,21.395
2019-08-01 16:00,2019-08-01 18:00,0.650,0.150,0.110,20.786
2019-08-01 17:00,2019-08-01 19:00,0.250,0.042,0.067,19.626
2019-08-01 18:00,2019-08-01 20:00,0.010,0,0.011,17.196
2019-08-01 19:00,2019-08-01 21:00,0,0,0,16.022
2019-08-01 20:00,2019-08-01 22:00,0,0,0,15.381
2019-08-01 21:00,2019-08-01 23:00,0,0,0,14.889
2019-08-01 22:00,2019-08-02 00:00,0,0,0,14.791
2019-08-01 23:00,2019-08-02 01:00,0,0,0,14.635
2019-08-02 00:00,2019-08-02 02:00,0,0,0,14.167
2019-08-02 01:00,2019-08-02 03:00,0,0,0,13.573
2019-08-02 02:00,2019-08-02 04:00,0,0,0,13.407
2019-08-02 03:00,2019-08-02 05:00,0,0,0,13.056
2019-08-02 04:00,2019-08-02 06:00,0.017,0,0.015,12.706
2019-08-02 05:00,2019-08-02 07:00,0.147,0,0.068,13.613
2019-08-02 06:00,2019-08-02 08:00,0.519,0.047,0.160,16.881
2019-08-02 07:00,2019-08-02 09:00,1.034,0.280,0.130,19.637
2019-08-02 08:00,2019-08-02 10:00,1.462,0.468,0.126,20.531
2019-08-02 09:00,2019-08-02 11:00,1.784,0.613,0.133,21.158
2019-08-02 10:00,2019-08-02 12:00,1.910,0.652,0.159,21.534
2019-08-02 11:00,2019-08-02 13:00,1.814,0.553,0.210,21.576
2019-08-02 12:00,2019-08-02 14:00,1.561,0.382,0.260,21.389
2019-08-02 13:00,2019-08-02 15:00,1.193,0.204,0.275,20.936
2019-08-02 14:00,2019-08-02 16:00,0.931,0.132,0.238,20.417
2019-08-02 15:00,2019-08-02 17:00,0.883,0.166,0.184,20.011
2019-08-02 16:00,2019-08-02 18:00,0.570,0.097,0.131,19.358
2019-08-02 17:00,2019-08-02 19:00,0.182,0.017,0.066,18.040
2019-08-02 18:00,2019-08-02 20:00,0.005,0,0.009,16.163
2019-08-02 19:00,2019-08-02 21:00,0,0,0,15.194
2019-08-02 20:00,2019-08-02 22:00,0,0,0,14.532
2019-08-02 21:00,2019-08-02 23:00,0,0,0,13.899
2019-08-02 22:00,2019-08-03 00:00,0,0,0,13.582
2019-08-02 23:00,2019-08-03 01:00,0,0,0,13.188
2019-08-03 00:00,2019-08-03 02:00,0,0,0,12.803
2019-08-03 01:00,2019-08-03 03:00,0,0,0,12.438
2019-08-03 02:00,2019-08-03 04:00,0,0,0,12.167
2019-08-03 03:00,2019-08-03 05:00,0,0,0,11.964
2019-08-03 04:00,2019-08-03 06:00,0.069,0,0.038,12.749
2019-08-03 05:00,2019-08-03 07:00,0.235,0,0.101,14.049
2019-08-03 06:00,2019-08-03 08:00,0.535,0.059,0.152,15.327
2019-08-03 07:00,2019-08-03 09:00,0.942,0.199,0.169,16.784
2019-08-03 08:00,2019-08-03 10:00,1.378,0.386,0.163,18.046
2019-08-03 09:00,2019-08-03 11:00,1.646,0.488,0.183,18.718
2019-08-03 10:00,2019-08-03 12:00,1.664,0.440,0.240,18.866
2019-08-03 11:00,2019-08-03 13:00,1.336,0.224,0.309,18.587
2019-08-03 12:00,2019-08-03 14:00,1.182,0.162,0.305,18.362
2019-08-03 13:00,2019-08-03 15:00,1.224,0.205,0.280,18.368
2019-08-03 14:00,2019-08-03 16:00,0.940,0.130,0.239,18.089
2019-08-03 15:00,2019-08-03 17:00,0.756,0.107,0.190,17.784
2019-08-03 16:00,2019-08-03 18:00,0.490,0.065,0.131,17.392
2019-08-03 17:00,2019-08-03 19:00,0.205,0.022,0.068,16.524
2019-08-03 18:00,2019-08-03 20:00,0.006,0,0.009,14.571
2019-08-03 19:00,2019-08-03 21:00,0,0,0,13.844
2019-08-03 20:00,2019-08-03 22:00,0,0,0,13.618
2019-08-03 21:00,2019-08-03 23:00,0,0,0,13.323
2019-08-03 22:00,2019-08-04 00:00,0,0,0,13.086
2019-08-03 23:00,2019-08-04 01:00,0,0,0,13.049
2019-08-04 00:00,2019-08-04 02:00,0,0,0,12.792
2019-08-04 01:00,2019-08-04 03:00,0,0,0,12.427
2019-08-04 02:00,2019-08-04 04:00,0,0,0,12.034
2019-08-04 03:00,2019-08-04 05:00,0,0,0,11.697
2019-08-04 04:00,2019-08-04 06:00,0.064,0,0.036,12.104
2019-08-04 05:00,2019-08-04 07:00,0.175,0,0.079,14.276
2019-08-04 06:00,2019-08-04 08:00,0.557,0.129,0.092,17.422
2019-08-04 07:00,2019-08-04 09:00,0.954,0.248,0.128,18.642
2019-08-04 08:00,2019-08-04 10:00,1.385,0.427,0.129,19.151
2019-08-04 09:00,2019-08-04 11:00,1.801,0.638,0.112,20.152
2019-08-04 10:00,2019-08-04 12:00,1.973,0.719,0.121,20.876
2019-08-04 11:00,2019-08-04 13:00,2.041,0.751,0.126,21.340
2019-08-04 12:00,2019-08-04 14:00,2.040,0.760,0.119,21.660
2019-08-04 13:00,2019-08-04 15:00,1.919,0.707,0.109,21.793
2019-08-04 14:00,2019-08-04 16:00,1.653,0.584,0.102,21.720
2019-08-04 15:00,2019-08-04 17:00,1.284,0.429,0.091,21.452
2019-08-04 16:00,2019-08-04 18:00,0.796,0.238,0.079,20.960
2019-08-04 17:00,2019-08-04 19:00,0.294,0.069,0.056,20.041
2019-08-04 18:00,2019-08-04 20:00,0.007,0.001,0.009,17.957
2019-08-04 19:00,2019-08-04 21:00,0,0,0,16.796
2019-08-04 20:00,2019-08-04 22:00,0,0,0,15.623
2019-08-04 21:00,2019-08-04 23:00,0,0,0,14.724
2019-08-04 22:00,2019-08-05 00:00,0,0,0,14.178
2019-08-04 23:00,2019-08-05 01:00,0,0,0,13.870
2019-08-05 00:00,2019-08-05 02:00,0,0,0,13.660
2019-08-05 01:00,2019-08-05 03:00,0,0,0,13.609
2019-08-05 02:00,2019-08-05 04:00,0,0,0,13.718
2019-08-05 03:00,2019-08-05 05:00,0,0,0,13.519
2019-08-05 04:00,2019-08-05 06:00,0.057,0,0.033,14.137
2019-08-05 05:00,2019-08-05 07:00,0.157,0,0.073,15.721
2019-08-05 06:00,2019-08-05 08:00,0.252,0.003,0.105,16.567
2019-08-05 07:00,2019-08-05 09:00,0.455,0.013,0.170,17.150
2019-08-05 08:00,2019-08-05 10:00,0.913,0.086,0.274,19.085
2019-08-05 09:00,2019-08-05 11:00,1.171,0.167,0.303,21.056
2019-08-05 10:00,2019-08-05 12:00,1.391,0.254,0.314,22.266
2019-08-05 11:00,2019-08-05 13:00,1.239,0.171,0.332,22.741
2019-08-05 12:00,2019-08-05 14:00,0.939,0.080,0.298,22.682
2019-08-05 13:00,2019-08-05 15:00,1.044,0.132,0.289,22.824
2019-08-05 14:00,2019-08-05 16:00,1.203,0.261,0.228,23.010
2019-08-05 15:00,2019-08-05 17:00,0.993,0.228,0.172,22.950
2019-08-05 16:00,2019-08-05 18:00,0.541,0.089,0.132,22.745
2019-08-05 17:00,2019-08-05 19:00,0.175,0.016,0.066,21.295
2019-08-05 18:00,2019-08-05 20:00,0.001,0,0.006,20.047
2019-08-05 19:00,2019-08-05 21:00,0,0,0,19.084
2019-08-05 20:00,2019-08-05 22:00,0,0,0,18.271
2019-08-05 21:00,2019-08-05 23:00,0,0,0,17.613
2019-08-05 22:00,2019-08-06 00:00,0,0,0,16.918
2019-08-05 23:00,2019-08-06 01:00,0,0,0,16.458
2019-08-06 00:00,2019-08-06 02:00,0,0,0,16.099
2019-08-06 01:00,2019-08-06 03:00,0,0,0,15.748
2019-08-06 02:00,2019-08-06 04:00,0,0,0,15.622
2019-08-06 03:00,2019-08-06 05:00,0,0,0,15.309
2019-08-06 04:00,2019-08-06 06:00,0.035,0,0.024,15.772
2019-08-06 05:00,2019-08-06 07:00,0.140,0,0.066,16.467
2019-08-06 06:00,2019-08-06 08:00,0.343,0.008,0.134,16.873
2019-08-06 07:00,2019-08-06 09:00,0.674,0.048,0.218,18.051
2019-08-06 08:00,2019-08-06 10:00,1.178,0.230,0.240,19.870
2019-08-06 09:00,2019-08-06 11:00,1.651,0.493,0.194,21.992
2019-08-06 10:00,2019-08-06 12:00,1.744,0.518,0.219,23.285
2019-08-06 11:00,2019-08-06 13:00,1.699,0.464,0.254,23.861
2019-08-06 12:00,2019-08-06 14:00,1.518,0.352,0.281,24.011
2019-08-06 13:00,2019-08-06 15:00,1.252,0.225,0.288,23.828
2019-08-06 14:00,2019-08-06 16:00,0.683,0.049,0.228,23.048
2019-08-06 15:00,2019-08-06 17:00,0.311,0.009,0.124,21.960
2019-08-06 16:00,2019-08-06 18:00,0.131,0.003,0.061,20.804
2019-08-06 17:00,2019-08-06 19:00,0.033,0.001,0.023,19.492
2019-08-06 18:00,2019-08-06 20:00,0,0,0.002,18.601
2019-08-06 19:00,2019-08-06 21:00,0,0,0,18.211
2019-08-06 20:00,2019-08-06 22:00,0,0,0,17.874
2019-08-06 21:00,2019-08-06 23:00,0,0,0,17.631
2019-08-06 22:00,2019-08-07 00:00,0,0,0,17.352
2019-08-06 23:00,2019-08-07 01:00,0,0,0,17.071
2019-08-07 00:00,2019-08-07 02:00,0,0,0,16.822
2019-08-07 01:00,2019-08-07 03:00,0,0,0,16.614
2019-08-07 02:00,2019-08-07 04:00,0,0,0,16.455
2019-08-07 03:00,2019-08-07 05:00,0,0,0,16.181
2019-08-07 04:00,2019-08-07 06:00,0.006,0,0.009,16.278
2019-08-07 05:00,2019-08-07 07:00,0.065,0,0.037,16.921
2019-08-07 06:00,2019-08-07 08:00,0.198,0.001,0.087,17.838
2019-08-07 07:00,2019-08-07 09:00,0.456,0.009,0.177,20.072
2019-08-07 08:00,2019-08-07 10:00,0.744,0.033,0.266,22.198
2019-08-07 09:00,2019-08-07 11:00,0.850,0.041,0.302,23.424
2019-08-07 10:00,2019-08-07 12:00,0.637,0.015,0.243,22.990
2019-08-07 11:00,2019-08-07 13:00,0.455,0.007,0.181,21.833
2019-08-07 12:00,2019-08-07 14:00,0.370,0.004,0.150,20.363
2019-08-07 13:00,2019-08-07 15:00,0.322,0.004,0.132,19.237
2019-08-07 14:00,2019-08-07 16:00,0.266,0.003,0.111,18.506
2019-08-07 15:00,2019-08-07 17:00,0.194,0.002,0.085,17.985
2019-08-07 16:00,2019-08-07 18:00,0.121,0.002,0.058,17.547
2019-08-07 17:00,2019-08-07 19:00,0.059,0.001,0.034,17.035
2019-08-07 18:00,2019-08-07 20:00,0,0,0.003,16.260
2019-08-07 19:00,2019-08-07 21:00,0,0,0,15.552
2019-08-07 20:00,2019-08-07 22:00,0,0,0,15.096
2019-08-07 21:00,2019-08-07 23:00,0,0,0,14.812
2019-08-07 22:00,2019-08-08 00:00,0,0,0,14.473
2019-08-07 23:00,2019-08-08 01:00,0,0,0,14.132
2019-08-08 00:00,2019-08-08 02:00,0,0,0,13.838
2019-08-08 01:00,2019-08-08 03:00,0,0,0,13.602
2019-08-08 02:00,2019-08-08 04:00,0,0,0,13.325
2019-08-08 03:00,2019-08-08 05:00,0,0,0,13.101
2019-08-08 04:00,2019-08-08 06:00,0.050,0,0.030,13.556
2019-08-08 05:00,2019-08-08 07:00,0.207,0,0.091,14.844
2019-08-08 06:00,2019-08-08 08:00,0.509,0.069,0.133,16.632
2019-08-08 07:00,2019-08-08 09:00,0.965,0.246,0.133,18.130
2019-08-08 08:00,2019-08-08 10:00,1.440,0.462,0.119,19.517
2019-08-08 09:00,2019-08-08 11:00,1.800,0.637,0.116,20.815
2019-08-08 10:00,2019-08-08 12:00,1.895,0.660,0.144,21.558
2019-08-08 11:00,2019-08-08 13:00,1.883,0.630,0.169,21.905
2019-08-08 12:00,2019-08-08 14:00,1.813,0.586,0.179,22.050
2019-08-08 13:00,2019-08-08 15:00,1.517,0.425,0.199,21.898
2019-08-08 14:00,2019-08-08 16:00,1.341,0.377,0.167,21.706
2019-08-08 15:00,2019-08-08 17:00,1.218,0.381,0.111,21.601
2019-08-08 16:00,2019-08-08 18:00,0.603,0.136,0.107,21.318
2019-08-08 17:00,2019-08-08 19:00,0.232,0.043,0.059,20.456
2019-08-08 18:00,2019-08-08 20:00,0.003,0.001,0.007,19.525
2019-08-08 19:00,2019-08-08 21:00,0,0,0,18.508
2019-08-08 20:00,2019-08-08 22:00,0,0,0,17.369
2019-08-08 21:00,2019-08-08 23:00,0,0,0,16.352
2019-08-08 22:00,2019-08-09 00:00,0,0,0,15.601
2019-08-08 23:00,2019-08-09 01:00,0,0,0,15.016
2019-08-09 00:00,2019-08-09 02:00,0,0,0,14.538
2019-08-09 01:00,2019-08-09 03:00,0,0,0,14.041
2019-08-09 02:00,2019-08-09 04:00,0,0,0,13.640
2019-08-09 03:00,2019-08-09 05:00,0,0,0,13.361
2019-08-09 04:00,2019-08-09 06:00,0.050,0,0.030,14.053
2019-08-09 05:00,2019-08-09 07:00,0.134,0,0.064,16.686
2019-08-09 06:00,2019-08-09 08:00,0.540,0.129,0.087,18.352
2019-08-09 07:00,2019-08-09 09:00,1.038,0.317,0.097,20.884
2019-08-09 08:00,2019-08-09 10:00,1.373,0.435,0.127,22.816
2019-08-09 09:00,2019-08-09 11:00,1.622,0.533,0.149,24.152
2019-08-09 10:00,2019-08-09 12:00,1.840,0.646,0.148,25.227
2019-08-09 11:00,2019-08-09 13:00,1.921,0.691,0.149,25.969
2019-08-09 12:00,2019-08-09 14:00,1.852,0.653,0.154,26.380
2019-08-09 13:00,2019-08-09 15:00,1.729,0.602,0.143,26.689
2019-08-09 14:00,2019-08-09 16:00,1.470,0.483,0.139,27.013
2019-08-09 15:00,2019-08-09 17:00,0.805,0.164,0.168,27.512
2019-08-09 16:00,2019-08-09 18:00,0.285,0.023,0.102,25.891
2019-08-09 17:00,2019-08-09 19:00,0.140,0.014,0.055,25.018
2019-08-09 18:00,2019-08-09 20:00,0.001,0,0.005,23.183
2019-08-09 19:00,2019-08-09 21:00,0,0,0,20.700
2019-08-09 20:00,2019-08-09 22:00,0,0,0,19.665
2019-08-09 21:00,2019-08-09 23:00,0,0,0,19.326
2019-08-09 22:00,2019-08-10 00:00,0,0,0,19.019
2019-08-09 23:00,2019-08-10 01:00,0,0,0,18.825
2019-08-10 00:00,2019-08-10 02:00,0,0,0,18.815
2019-08-10 01:00,2019-08-10 03:00,0,0,0,18.750
2019-08-10 02:00,2019-08-10 04:00,0,0,0,17.912
2019-08-10 03:00,2019-08-10 05:00,0,-0,0,17.313
2019-08-10 04:00,2019-08-10 06:00,0.047,0,0.029,17.748
2019-08-10 05:00,2019-08-10 07:00,0.192,0,0.087,19.390
2019-08-10 06:00,2019-08-10 08:00,0.540,0.084,0.133,20.155
2019-08-10 07:00,2019-08-10 09:00,0.704,0.070,0.211,20.143
2019-08-10 08:00,2019-08-10 10:00,0.726,0.047,0.241,19.728
2019-08-10 09:00,2019-08-10 11:00,0.891,0.071,0.281,19.434
2019-08-10 10:00,2019-08-10 12:00,1.325,0.221,0.311,19.757
2019-08-10 11:00,2019-08-10 13:00,1.494,0.316,0.292,20.243
2019-08-10 12:00,2019-08-10 14:00,1.502,0.339,0.274,20.664
2019-08-10 13:00,2019-08-10 15:00,1.355,0.291,0.258,20.858
2019-08-10 14:00,2019-08-10 16:00,0.994,0.160,0.235,20.583
2019-08-10 15:00,2019-08-10 17:00,0.678,0.086,0.184,20.148
2019-08-10 16:00,2019-08-10 18:00,0.422,0.048,0.125,19.695
2019-08-10 17:00,2019-08-10 19:00,0.129,0.009,0.053,18.840
2019-08-10 18:00,2019-08-10 20:00,0,0,0.004,17.285
2019-08-10 19:00,2019-08-10 21:00,0,0,0,16.547
2019-08-10 20:00,2019-08-10 22:00,0,0,0,16.142
2019-08-10 21:00,2019-08-10 23:00,0,0,0,15.833
2019-08-10 22:00,2019-08-11 00:00,0,0,0,15.580
2019-08-10 23:00,2019-08-11 01:00,0,0,0,15.321
2019-08-11 00:00,2019-08-11 02:00,0,0,0,15.006
2019-08-11 01:00,2019-08-11 03:00,0,0,0,14.816
2019-08-11 02:00,2019-08-11 04:00,0,0,0,14.612
2019-08-11 03:00,2019-08-11 05:00,0,-0,0,14.405
2019-08-11 04:00,2019-08-11 06:00,0.035,0,0.024,14.559
2019-08-11 05:00,2019-08-11 07:00,0.197,0,0.088,16.062
2019-08-11 06:00,2019-08-11 08:00,0.504,0.073,0.129,17.901
2019-08-11 07:00,2019-08-11 09:00,0.980,0.267,0.122,19.813
2019-08-11 08:00,2019-08-11 10:00,1.416,0.455,0.120,20.871
2019-08-11 09:00,2019-08-11 11:00,1.820,0.661,0.107,21.835
2019-08-11 10:00,2019-08-11 12:00,2.030,0.768,0.110,22.507
2019-08-11 11:00,2019-08-11 13:00,2.104,0.806,0.114,23.008
2019-08-11 12:00,2019-08-11 14:00,2.033,0.763,0.122,23.325
2019-08-11 13:00,2019-08-11 15:00,1.788,0.622,0.138,23.463
2019-08-11 14:00,2019-08-11 16:00,1.421,0.437,0.149,23.398
2019-08-11 15:00,2019-08-11 17:00,0.989,0.255,0.144,23.097
2019-08-11 16:00,2019-08-11 18:00,0.497,0.088,0.116,22.412
2019-08-11 17:00,2019-08-11 19:00,0.138,0.014,0.053,21.106
2019-08-11 18:00,2019-08-11 20:00,0,0,0.003,19.487
2019-08-11 19:00,2019-08-11 21:00,0,0,0,19.067
2019-08-11 20:00,2019-08-11 22:00,0,0,0,18.667
2019-08-11 21:00,2019-08-11 23:00,0,0,0,17.800
2019-08-11 22:00,2019-08-12 00:00,0,0,0,16.699
2019-08-11 23:00,2019-08-12 01:00,0,0,0,15.453
2019-08-12 00:00,2019-08-12 02:00,0,0,0,14.511
2019-08-12 01:00,2019-08-12 03:00,0,0,0,13.774
2019-08-12 02:00,2019-08-12 04:00,0,0,0,13.246
2019-08-12 03:00,2019-08-12 05:00,0,-0,0,12.903
2019-08-12 04:00,2019-08-12 06:00,0.013,0,0.013,12.771
2019-08-12 05:00,2019-08-12 07:00,0.133,0,0.063,12.965
2019-08-12 06:00,2019-08-12 08:00,0.327,0.006,0.128,13.430
2019-08-12 07:00,2019-08-12 09:00,0.576,0.022,0.203,14.201
2019-08-12 08:00,2019-08-12 10:00,0.802,0.047,0.264,15.175
2019-08-12 09:00,2019-08-12 11:00,0.975,0.067,0.312,16.111
2019-08-12 10:00,2019-08-12 12:00,0.710,0.023,0.254,16.273
2019-08-12 11:00,2019-08-12 13:00,0.722,0.024,0.257,16.395
2019-08-12 12:00,2019-08-12 14:00,0.951,0.061,0.310,16.814
2019-08-12 13:00,2019-08-12 15:00,0.864,0.058,0.279,16.862
2019-08-12 14:00,2019-08-12 16:00,0.743,0.050,0.240,16.600
2019-08-12 15:00,2019-08-12 17:00,0.426,0.017,0.155,16.128
2019-08-12 16:00,2019-08-12 18:00,0.109,0.002,0.052,15.291
2019-08-12 17:00,2019-08-12 19:00,0.012,0,0.012,14.459
2019-08-12 18:00,2019-08-12 20:00,0,0,0.001,13.851
2019-08-12 19:00,2019-08-12 21:00,0,0,0,13.305
2019-08-12 20:00,2019-08-12 22:00,0,0,0,12.992
2019-08-12 21:00,2019-08-12 23:00,0,0,0,12.847
2019-08-12 22:00,2019-08-13 00:00,0,0,0,12.519
2019-08-12 23:00,2019-08-13 01:00,0,0,0,12.146
2019-08-13 00:00,2019-08-13 02:00,0,0,0,11.793
2019-08-13 01:00,2019-08-13 03:00,0,0,0,11.535
2019-08-13 02:00,2019-08-13 04:00,0,0,0,11.282
2019-08-13 03:00,2019-08-13 05:00,0,0,0,11.004
2019-08-13 04:00,2019-08-13 06:00,0.035,0,0.023,11.260
2019-08-13 05:00,2019-08-13 07:00,0.213,0,0.092,12.618
2019-08-13 06:00,2019-08-13 08:00,0.528,0.062,0.146,14.502
2019-08-13 07:00,2019-08-13 09:00,0.888,0.156,0.188,15.622
2019-08-13 08:00,2019-08-13 10:00,1.204,0.251,0.221,16.408
2019-08-13 09:00,2019-08-13 11:00,1.525,0.381,0.230,17.257
2019-08-13 10:00,2019-08-13 12:00,1.607,0.387,0.262,17.702
2019-08-13 11:00,2019-08-13 13:00,1.522,0.309,0.302,17.809
2019-08-13 12:00,2019-08-13 14:00,1.018,0.095,0.304,17.386
2019-08-13 13:00,2019-08-13 15:00,0.634,0.028,0.221,16.794
2019-08-13 14:00,2019-08-13 16:00,0.493,0.018,0.178,16.367
2019-08-13 15:00,2019-08-13 17:00,0.268,0.007,0.107,15.700
2019-08-13 16:00,2019-08-13 18:00,0.124,0.003,0.057,14.872
2019-08-13 17:00,2019-08-13 19:00,0.027,0.001,0.019,13.859
2019-08-13 18:00,2019-08-13 20:00,0,0,0.001,13.035
2019-08-13 19:00,2019-08-13 21:00,0,0,0,12.375
2019-08-13 20:00,2019-08-13 22:00,0,0,0,11.829
2019-08-13 21:00,2019-08-13 23:00,0,0,0,11.407
2019-08-13 22:00,2019-08-14 00:00,0,0,0,10.970
2019-08-13 23:00,2019-08-14 01:00,0,0,0,10.688
2019-08-14 00:00,2019-08-14 02:00,0,0,0,10.430
2019-08-14 01:00,2019-08-14 03:00,0,0,0,9.842
2019-08-14 02:00,2019-08-14 04:00,0,0,0,9.099
2019-08-14 03:00,2019-08-14 05:00,0,0,0,8.592
2019-08-14 04:00,2019-08-14 06:00,0.032,0,0.022,8.825
2019-08-14 05:00,2019-08-14 07:00,0.132,0,0.062,10.793
2019-08-14 06:00,2019-08-14 08:00,0.537,0.135,0.074,12.956
2019-08-14 07:00,2019-08-14 09:00,1.060,0.328,0.083,14.981
2019-08-14 08:00,2019-08-14 10:00,1.516,0.513,0.090,16.202
2019-08-14 09:00,2019-08-14 11:00,1.837,0.653,0.100,17.119
2019-08-14 10:00,2019-08-14 12:00,2.006,0.726,0.113,17.814
2019-08-14 11:00,2019-08-14 13:00,2.060,0.747,0.122,18.283
2019-08-14 12:00,2019-08-14 14:00,1.980,0.700,0.130,18.491
2019-08-14 13:00,2019-08-14 15:00,1.816,0.623,0.127,18.460
2019-08-14 14:00,2019-08-14 16:00,1.562,0.515,0.116,18.274
2019-08-14 15:00,2019-08-14 17:00,1.151,0.348,0.106,17.902
2019-08-14 16:00,2019-08-14 18:00,0.695,0.189,0.083,17.312
2019-08-14 17:00,2019-08-14 19:00,0.220,0.048,0.048,16.238
2019-08-14 18:00,2019-08-14 20:00,0,0,0.003,14.940
2019-08-14 19:00,2019-08-14 21:00,0,0,0,13.461
2019-08-14 20:00,2019-08-14 22:00,0,0,0,11.902
2019-08-14 21:00,2019-08-14 23:00,0,0,0,10.906
2019-08-14 22:00,2019-08-15 00:00,0,0,0,10.370
2019-08-14 23:00,2019-08-15 01:00,0,0,0,10.043
2019-08-15 00:00,2019-08-15 02:00,0,0,0,9.712
2019-08-15 01:00,2019-08-15 03:00,0,0,0,9.323
2019-08-15 02:00,2019-08-15 04:00,0,0,0,8.967
2019-08-15 03:00,2019-08-15 05:00,0,0,0,8.779
2019-08-15 04:00,2019-08-15 06:00,0.037,0,0.024,9.314
2019-08-15 05:00,2019-08-15 07:00,0.209,0,0.090,11.865
2019-08-15 06:00,2019-08-15 08:00,0.462,0.029,0.153,13.297
2019-08-15 07:00,2019-08-15 09:00,0.683,0.053,0.212,14.888
2019-08-15 08:00,2019-08-15 10:00,0.819,0.062,0.257,16.643
2019-08-15 09:00,2019-08-15 11:00,0.796,0.044,0.268,17.275
2019-08-15 10:00,2019-08-15 12:00,0.747,0.032,0.260,16.959
2019-08-15 11:00,2019-08-15 13:00,0.707,0.027,0.249,16.378
2019-08-15 12:00,2019-08-15 14:00,0.778,0.040,0.263,16.417
2019-08-15 13:00,2019-08-15 15:00,0.961,0.098,0.278,17.200
2019-08-15 14:00,2019-08-15 16:00,1.170,0.231,0.230,18.088
2019-08-15 15:00,2019-08-15 17:00,0.775,0.120,0.185,18.107
2019-08-15 16:00,2019-08-15 18:00,0.333,0.026,0.112,17.428
2019-08-15 17:00,2019-08-15 19:00,0.066,0.003,0.035,16.078
2019-08-15 18:00,2019-08-15 20:00,0,0,0.001,15.054
2019-08-15 19:00,2019-08-15 21:00,0,0,0,14.713
2019-08-15 20:00,2019-08-15 22:00,0,0,0,14.280
2019-08-15 21:00,2019-08-15 23:00,0,0,0,13.803
2019-08-15 22:00,2019-08-16 00:00,0,0,0,13.253
2019-08-15 23:00,2019-08-16 01:00,0,0,0,12.617
2019-08-16 00:00,2019-08-16 02:00,0,0,0,11.982
2019-08-16 01:00,2019-08-16 03:00,0,0,0,11.394
2019-08-16 02:00,2019-08-16 04:00,0,0,0,10.916
2019-08-16 03:00,2019-08-16 05:00,0,0,0,10.574
2019-08-16 04:00,2019-08-16 06:00,0.026,0,0.019,10.642
2019-08-16 05:00,2019-08-16 07:00,0.169,0,0.076,11.840
2019-08-16 06:00,2019-08-16 08:00,0.526,0.115,0.091,13.452
2019-08-16 07:00,2019-08-16 09:00,1.018,0.294,0.100,15.146
2019-08-16 08:00,2019-08-16 10:00,1.461,0.473,0.108,16.615
2019-08-16 09:00,2019-08-16 11:00,1.781,0.613,0.116,17.660
2019-08-16 10:00,2019-08-16 12:00,2.009,0.728,0.117,18.486
2019-08-16 11:00,2019-08-16 13:00,2.115,0.789,0.114,19.176
2019-08-16 12:00,2019-08-16 14:00,2.099,0.788,0.109,19.628
2019-08-16 13:00,2019-08-16 15:00,1.959,0.723,0.104,19.844
2019-08-16 14:00,2019-08-16 16:00,1.589,0.532,0.117,19.754
2019-08-16 15:00,2019-08-16 17:00,0.775,0.147,0.160,19.151
2019-08-16 16:00,2019-08-16 18:00,0.300,0.028,0.099,18.510
2019-08-16 17:00,2019-08-16 19:00,0.099,0.009,0.042,17.426
2019-08-16 18:00,2019-08-16 20:00,0,0,0.002,15.701
2019-08-16 19:00,2019-08-16 21:00,0,0,0,14.046
2019-08-16 20:00,2019-08-16 22:00,0,0,0,12.967
2019-08-16 21:00,2019-08-16 23:00,0,0,0,12.404
2019-08-16 22:00,2019-08-17 00:00,0,0,0,12.044
2019-08-16 23:00,2019-08-17 01:00,0,0,0,11.673
2019-08-17 00:00,2019-08-17 02:00,0,0,0,11.355
2019-08-17 01:00,2019-08-17 03:00,0,0,0,11.485
2019-08-17 02:00,2019-08-17 04:00,0,0,0,11.844
2019-08-17 03:00,2019-08-17 05:00,0,0,0,11.945
2019-08-17 04:00,2019-08-17 06:00,0.010,0,0.011,12.089
2019-08-17 05:00,2019-08-17 07:00,0.127,0,0.061,13.504
2019-08-17 06:00,2019-08-17 08:00,0.321,0.007,0.125,15.047
2019-08-17 07:00,2019-08-17 09:00,0.674,0.050,0.214,16.662
2019-08-17 08:00,2019-08-17 10:00,0.897,0.097,0.256,18.647
2019-08-17 09:00,2019-08-17 11:00,1.596,0.442,0.215,20.965
2019-08-17 10:00,2019-08-17 12:00,1.674,0.457,0.241,22.016
2019-08-17 11:00,2019-08-17 13:00,1.426,0.275,0.309,22.172
2019-08-17 12:00,2019-08-17 14:00,1.057,0.113,0.312,21.948
2019-08-17 13:00,2019-08-17 15:00,0.652,0.031,0.231,21.297
2019-08-17 14:00,2019-08-17 16:00,0.380,0.010,0.148,20.475
2019-08-17 15:00,2019-08-17 17:00,0.236,0.005,0.099,20.014
2019-08-17 16:00,2019-08-17 18:00,0.128,0.003,0.059,19.566
2019-08-17 17:00,2019-08-17 19:00,0.053,0.002,0.030,18.862
2019-08-17 18:00,2019-08-17 20:00,0,0,0.001,18.141
2019-08-17 19:00,2019-08-17 21:00,0,0,0,17.902
2019-08-17 20:00,2019-08-17 22:00,0,0,0,17.767
2019-08-17 21:00,2019-08-17 23:00,0,0,0,17.388
2019-08-17 22:00,2019-08-18 00:00,0,0,0,16.437
2019-08-17 23:00,2019-08-18 01:00,0,0,0,15.782
2019-08-18 00:00,2019-08-18 02:00,0,0,0,15.452
2019-08-18 01:00,2019-08-18 03:00,0,0,0,15.102
2019-08-18 02:00,2019-08-18 04:00,0,0,0,14.601
2019-08-18 03:00,2019-08-18 05:00,0,0,0,14.174
2019-08-18 04:00,2019-08-18 06:00,0.021,0,0.017,14.458
2019-08-18 05:00,2019-08-18 07:00,0.124,0,0.060,16.933
2019-08-18 06:00,2019-08-18 08:00,0.497,0.124,0.077,19.070
2019-08-18 07:00,2019-08-18 09:00,1.015,0.326,0.080,21.205
2019-08-18 08:00,2019-08-18 10:00,1.459,0.519,0.085,23.526
2019-08-18 09:00,2019-08-18 11:00,1.787,0.677,0.090,25.138
2019-08-18 10:00,2019-08-18 12:00,1.995,0.789,0.093,26.252
2019-08-18 11:00,2019-08-18 13:00,2.085,0.842,0.093,26.931
2019-08-18 12:00,2019-08-18 14:00,2.057,0.831,0.092,27.395
2019-08-18 13:00,2019-08-18 15:00,1.894,0.756,0.088,29.140
2019-08-18 14:00,2019-08-18 16:00,1.618,0.622,0.083,29.813
2019-08-18 15:00,2019-08-18 17:00,1.173,0.410,0.083,29.425
2019-08-18 16:00,2019-08-18 18:00,0.675,0.206,0.073,27.521
2019-08-18 17:00,2019-08-18 19:00,0.187,0.044,0.043,24.767
2019-08-18 18:00,2019-08-18 20:00,0,0,0.001,22.835
2019-08-18 19:00,2019-08-18 21:00,0,0,0,21.703
2019-08-18 20:00,2019-08-18 22:00,0,0,0,20.292
2019-08-18 21:00,2019-08-18 23:00,0,0,0,19.530
2019-08-18 22:00,2019-08-19 00:00,0,0,0,18.898
2019-08-18 23:00,2019-08-19 01:00,0,0,0,17.929
2019-08-19 00:00,2019-08-19 02:00,0,0,0,17.424
2019-08-19 01:00,2019-08-19 03:00,0,0,0,17.335
2019-08-19 02:00,2019-08-19 04:00,0,0,0,17.118
2019-08-19 03:00,2019-08-19 05:00,0,0,0,16.443
2019-08-19 04:00,2019-08-19 06:00,0.008,0,0.010,16.107
2019-08-19 05:00,2019-08-19 07:00,0.117,0,0.058,16.805
2019-08-19 06:00,2019-08-19 08:00,0.251,0.004,0.104,17.477
2019-08-19 07:00,2019-08-19 09:00,0.328,0.006,0.131,17.504
2019-08-19 08:00,2019-08-19 10:00,0.454,0.011,0.172,17.471
2019-08-19 09:00,2019-08-19 11:00,0.831,0.051,0.275,17.993
2019-08-19 10:00,2019-08-19 12:00,1.219,0.164,0.321,19.056
2019-08-19 11:00,2019-08-19 13:00,1.455,0.286,0.304,20.137
2019-08-19 12:00,2019-08-19 14:00,1.550,0.368,0.268,21.011
2019-08-19 13:00,2019-08-19 15:00,1.518,0.391,0.233,21.505
2019-08-19 14:00,2019-08-19 16:00,1.036,0.180,0.234,21.181
2019-08-19 15:00,2019-08-19 17:00,0.469,0.032,0.159,19.994
2019-08-19 16:00,2019-08-19 18:00,0.174,0.006,0.074,18.706
2019-08-19 17:00,2019-08-19 19:00,0.047,0.002,0.028,17.882
2019-08-19 18:00,2019-08-19 20:00,0,0,0.001,16.974
2019-08-19 19:00,2019-08-19 21:00,0,0,0,16.228
2019-08-19 20:00,2019-08-19 22:00,0,0,0,15.964
2019-08-19 21:00,2019-08-19 23:00,0,0,0,15.765
2019-08-19 22:00,2019-08-20 00:00,0,0,0,15.676
2019-08-19 23:00,2019-08-20 01:00,0,0,0,15.409
2019-08-20 00:00,2019-08-20 02:00,0,0,0,15.076
2019-08-20 01:00,2019-08-20 03:00,0,0,0,14.845
2019-08-20 02:00,2019-08-20 04:00,0,0,0,14.760
2019-08-20 03:00,2019-08-20 05:00,0,0,0,14.744
2019-08-20 04:00,2019-08-20 06:00,0.003,0,0.007,14.534
2019-08-20 05:00,2019-08-20 07:00,0.101,0,0.051,15.133
2019-08-20 06:00,2019-08-20 08:00,0.313,0.006,0.125,16.113
2019-08-20 07:00,2019-08-20 09:00,0.473,0.014,0.176,16.990
2019-08-20 08:00,2019-08-20 10:00,0.622,0.023,0.223,17.392
2019-08-20 09:00,2019-08-20 11:00,0.877,0.054,0.291,18.007
2019-08-20 10:00,2019-08-20 12:00,1.122,0.106,0.338,18.742
2019-08-20 11:00,2019-08-20 13:00,0.929,0.057,0.310,18.877
2019-08-20 12:00,2019-08-20 14:00,0.696,0.025,0.250,18.590
2019-08-20 13:00,2019-08-20 15:00,0.501,0.012,0.189,18.174
2019-08-20 14:00,2019-08-20 16:00,0.321,0.006,0.129,17.567
2019-08-20 15:00,2019-08-20 17:00,0.120,0.001,0.057,16.615
2019-08-20 16:00,2019-08-20 18:00,0.047,0.001,0.029,15.675
2019-08-20 17:00,2019-08-20 19:00,0.004,0,0.008,14.625
2019-08-20 18:00,2019-08-20 20:00,0,0,0,13.467
2019-08-20 19:00,2019-08-20 21:00,0,0,0,12.577
2019-08-20 20:00,2019-08-20 22:00,0,0,0,12.017
2019-08-20 21:00,2019-08-20 23:00,0,0,0,11.715
2019-08-20 22:00,2019-08-21 00:00,0,0,0,11.448
2019-08-20 23:00,2019-08-21 01:00,0,0,0,11.142
2019-08-21 00:00,2019-08-21 02:00,0,0,0,10.868
2019-08-21 01:00,2019-08-21 03:00,0,0,0,10.639
2019-08-21 02:00,2019-08-21 04:00,0,0,0,10.402
2019-08-21 03:00,2019-08-21 05:00,0,0,0,10.290
2019-08-21 04:00,2019-08-21 06:00,0.007,0,0.009,10.352
2019-08-21 05:00,2019-08-21 07:00,0.153,0,0.070,11.252
2019-08-21 06:00,2019-08-21 08:00,0.464,0.045,0.138,12.547
2019-08-21 07:00,2019-08-21 09:00,0.838,0.147,0.174,13.560
2019-08-21 08:00,2019-08-21 10:00,1.203,0.271,0.196,14.719
2019-08-21 09:00,2019-08-21 11:00,1.537,0.413,0.198,15.845
2019-08-21 10:00,2019-08-21 12:00,1.791,0.539,0.192,16.742
2019-08-21 11:00,2019-08-21 13:00,1.759,0.500,0.218,17.284
2019-08-21 12:00,2019-08-21 14:00,1.546,0.375,0.246,17.457
2019-08-21 13:00,2019-08-21 15:00,1.335,0.287,0.242,17.472
2019-08-21 14:00,2019-08-21 16:00,0.943,0.148,0.220,17.163
2019-08-21 15:00,2019-08-21 17:00,0.592,0.069,0.165,16.653
2019-08-21 16:00,2019-08-21 18:00,0.370,0.045,0.106,16.042
2019-08-21 17:00,2019-08-21 19:00,0.106,0.012,0.041,14.806
2019-08-21 18:00,2019-08-21 20:00,0,0,0.001,13.058
2019-08-21 19:00,2019-08-21 21:00,0,0,0,12.675
2019-08-21 20:00,2019-08-21 22:00,0,0,0,12.553
2019-08-21 21:00,2019-08-21 23:00,0,0,0,12.404
2019-08-21 22:00,2019-08-22 00:00,0,0,0,12.215
2019-08-21 23:00,2019-08-22 01:00,0,0,0,11.990
2019-08-22 00:00,2019-08-22 02:00,0,0,0,11.773
2019-08-22 01:00,2019-08-22 03:00,0,0,0,11.583
2019-08-22 02:00,2019-08-22 04:00,0,0,0,11.330
2019-08-22 03:00,2019-08-22 05:00,0,0,0,10.974
2019-08-22 04:00,2019-08-22 06:00,0.007,0,0.010,10.847
2019-08-22 05:00,2019-08-22 07:00,0.138,0,0.064,11.433
2019-08-22 06:00,2019-08-22 08:00,0.386,0.024,0.131,12.498
2019-08-22 07:00,2019-08-22 09:00,0.828,0.148,0.171,14.260
2019-08-22 08:00,2019-08-22 10:00,1.109,0.228,0.204,15.750
2019-08-22 09:00,2019-08-22 11:00,1.404,0.342,0.215,16.974
2019-08-22 10:00,2019-08-22 12:00,1.714,0.508,0.192,18.007
2019-08-22 11:00,2019-08-22 13:00,1.957,0.667,0.154,18.900
2019-08-22 12:00,2019-08-22 14:00,2.036,0.739,0.125,19.543
2019-08-22 13:00,2019-08-22 15:00,1.918,0.694,0.112,19.802
2019-08-22 14:00,2019-08-22 16:00,1.578,0.530,0.113,19.637
2019-08-22 15:00,2019-08-22 17:00,1.128,0.339,0.108,19.165
2019-08-22 16:00,2019-08-22 18:00,0.581,0.140,0.091,18.326
2019-08-22 17:00,2019-08-22 19:00,0.138,0.025,0.041,16.447
2019-08-22 18:00,2019-08-22 20:00,0,0,0,14.369
2019-08-22 19:00,2019-08-22 21:00,0,0,0,13.803
2019-08-22 20:00,2019-08-22 22:00,0,0,0,13.482
2019-08-22 21:00,2019-08-22 23:00,0,0,0,13.100
2019-08-22 22:00,2019-08-23 00:00,0,0,0,12.605
2019-08-22 23:00,2019-08-23 01:00,0,0,0,12.140
2019-08-23 00:00,2019-08-23 02:00,0,0,0,11.636
2019-08-23 01:00,2019-08-23 03:00,0,0,0,11.109
2019-08-23 02:00,2019-08-23 04:00,0,0,0,10.567
2019-08-23 03:00,2019-08-23 05:00,0,0,0,10.161
2019-08-23 04:00,2019-08-23 06:00,0.012,0,0.013,10.123
2019-08-23 05:00,2019-08-23 07:00,0.146,0,0.067,12.495
2019-08-23 06:00,2019-08-23 08:00,0.497,0.104,0.093,14.493
2019-08-23 07:00,2019-08-23 09:00,0.981,0.278,0.105,16.929
2019-08-23 08:00,2019-08-23 10:00,1.410,0.449,0.116,18.530
2019-08-23 09:00,2019-08-23 11:00,1.744,0.597,0.123,19.598
2019-08-23 10:00,2019-08-23 12:00,1.887,0.650,0.143,20.355
2019-08-23 11:00,2019-08-23 13:00,1.838,0.595,0.176,20.826
2019-08-23 12:00,2019-08-23 14:00,1.615,0.455,0.210,20.967
2019-08-23 13:00,2019-08-23 15:00,1.474,0.401,0.200,21.015
2019-08-23 14:00,2019-08-23 16:00,1.162,0.278,0.187,20.832
2019-08-23 15:00,2019-08-23 17:00,0.710,0.123,0.160,20.351
2019-08-23 16:00,2019-08-23 18:00,0.285,0.028,0.094,19.538
2019-08-23 17:00,2019-08-23 19:00,0.053,0.004,0.028,18.124
2019-08-23 18:00,2019-08-23 20:00,0,0,0,16.851
2019-08-23 19:00,2019-08-23 21:00,0,0,0,16.510
2019-08-23 20:00,2019-08-23 22:00,0,0,0,16.141
2019-08-23 21:00,2019-08-23 23:00,0,0,0,15.857
2019-08-23 22:00,2019-08-24 00:00,0,0,0,15.544
2019-08-23 23:00,2019-08-24 01:00,0,0,0,15.128
2019-08-24 00:00,2019-08-24 02:00,0,0,0,14.709
2019-08-24 01:00,2019-08-24 03:00,0,0,0,14.369
2019-08-24 02:00,2019-08-24 04:00,0,0,0,14.085
2019-08-24 03:00,2019-08-24 05:00,0,0,0,13.840
2019-08-24 04:00,2019-08-24 06:00,0.008,0,0.010,13.873
2019-08-24 05:00,2019-08-24 07:00,0.153,0,0.071,15.150
2019-08-24 06:00,2019-08-24 08:00,0.457,0.065,0.119,16.811
2019-08-24 07:00,2019-08-24 09:00,0.890,0.216,0.135,19.136
2019-08-24 08:00,2019-08-24 10:00,1.314,0.393,0.139,21.400
2019-08-24 09:00,2019-08-24 11:00,1.626,0.530,0.147,22.412
2019-08-24 10:00,2019-08-24 12:00,1.809,0.613,0.156,23.202
2019-08-24 11:00,2019-08-24 13:00,1.869,0.638,0.164,23.701
2019-08-24 12:00,2019-08-24 14:00,1.711,0.536,0.188,23.973
2019-08-24 13:00,2019-08-24 15:00,1.418,0.381,0.205,23.912
2019-08-24 14:00,2019-08-24 16:00,1.104,0.255,0.192,23.426
2019-08-24 15:00,2019-08-24 17:00,0.730,0.137,0.158,22.875
2019-08-24 16:00,2019-08-24 18:00,0.355,0.049,0.100,22.240
2019-08-24 17:00,2019-08-24 19:00,0.067,0.007,0.031,20.828
2019-08-24 18:00,2019-08-24 20:00,0,0,0,20.075
2019-08-24 19:00,2019-08-24 21:00,0,0,0,19.877
2019-08-24 20:00,2019-08-24 22:00,0,0,0,19.704
2019-08-24 21:00,2019-08-24 23:00,0,0,0,19.350
2019-08-24 22:00,2019-08-25 00:00,0,0,0,18.778
2019-08-24 23:00,2019-08-25 01:00,0,0,0,17.884
2019-08-25 00:00,2019-08-25 02:00,0,0,0,17.005
2019-08-25 01:00,2019-08-25 03:00,0,0,0,16.373
2019-08-25 02:00,2019-08-25 04:00,0,0,0,16.013
2019-08-25 03:00,2019-08-25 05:00,0,0,0,15.757
2019-08-25 04:00,2019-08-25 06:00,0.003,0,0.007,15.416
2019-08-25 05:00,2019-08-25 07:00,0.135,0,0.064,16.218
2019-08-25 06:00,2019-08-25 08:00,0.384,0.018,0.140,17.919
2019-08-25 07:00,2019-08-25 09:00,0.662,0.058,0.207,20.714
2019-08-25 08:00,2019-08-25 10:00,0.760,0.058,0.247,21.964
2019-08-25 09:00,2019-08-25 11:00,0.852,0.063,0.280,22.850
2019-08-25 10:00,2019-08-25 12:00,0.916,0.070,0.300,23.545
2019-08-25 11:00,2019-08-25 13:00,1.007,0.094,0.315,24.162
2019-08-25 12:00,2019-08-25 14:00,0.987,0.096,0.305,24.385
2019-08-25 13:00,2019-08-25 15:00,0.751,0.052,0.252,23.780
2019-08-25 14:00,2019-08-25 16:00,0.498,0.023,0.182,23.127
2019-08-25 15:00,2019-08-25 17:00,0.314,0.012,0.123,22.260
2019-08-25 16:00,2019-08-25 18:00,0.132,0.004,0.061,21.241
2019-08-25 17:00,2019-08-25 19:00,0.017,0.001,0.015,19.893
2019-08-25 18:00,2019-08-25 20:00,0,0,0,18.892
2019-08-25 19:00,2019-08-25 21:00,0,0,0,18.285
2019-08-25 20:00,2019-08-25 22:00,0,0,0,17.891
2019-08-25 21:00,2019-08-25 23:00,0,0,0,17.670
2019-08-25 22:00,2019-08-26 00:00,0,0,0,17.515
2019-08-25 23:00,2019-08-26 01:00,0,0,0,17.290
2019-08-26 00:00,2019-08-26 02:00,0,0,0,16.935
2019-08-26 01:00,2019-08-26 03:00,0,0,0,16.556
2019-08-26 02:00,2019-08-26 04:00,0,0,0,16.262
2019-08-26 03:00,2019-08-26 05:00,0,0,0,15.937
2019-08-26 04:00,2019-08-26 06:00,0.005,0,0.009,15.795
2019-08-26 05:00,2019-08-26 07:00,0.150,0,0.070,16.807
2019-08-26 06:00,2019-08-26 08:00,0.452,0.059,0.124,19.120
2019-08-26 07:00,2019-08-26 09:00,0.845,0.180,0.158,21.037
2019-08-26 08:00,2019-08-26 10:00,1.146,0.266,0.196,22.194
2019-08-26 09:00,2019-08-26 11:00,1.345,0.318,0.232,22.926
2019-08-26 10:00,2019-08-26 12:00,1.426,0.326,0.263,23.418
2019-08-26 11:00,2019-08-26 13:00,1.375,0.283,0.284,23.722
2019-08-26 12:00,2019-08-26 14:00,1.232,0.219,0.284,23.820
2019-08-26 13:00,2019-08-26 15:00,1.044,0.160,0.262,23.556
2019-08-26 14:00,2019-08-26 16:00,0.745,0.085,0.215,22.876
2019-08-26 15:00,2019-08-26 17:00,0.466,0.040,0.152,22.211
2019-08-26 16:00,2019-08-26 18:00,0.232,0.016,0.086,21.297
2019-08-26 17:00,2019-08-26 19:00,0.040,0.003,0.024,19.754
2019-08-26 18:00,2019-08-26 20:00,0,0,0,18.706
2019-08-26 19:00,2019-08-26 21:00,0,0,0,18.444
2019-08-26 20:00,2019-08-26 22:00,0,0,0,18.388
2019-08-26 21:00,2019-08-26 23:00,0,0,0,18.129
2019-08-26 22:00,2019-08-27 00:00,0,0,0,17.580
2019-08-26 23:00,2019-08-27 01:00,0,0,0,17.005
2019-08-27 00:00,2019-08-27 02:00,0,0,0,16.603
2019-08-27 01:00,2019-08-27 03:00,0,0,0,16.090
2019-08-27 02:00,2019-08-27 04:00,0,0,0,15.650
2019-08-27 03:00,2019-08-27 05:00,0,0,0,15.164
2019-08-27 04:00,2019-08-27 06:00,0.005,0,0.009,14.735
2019-08-27 05:00,2019-08-27 07:00,0.120,0,0.058,16.071
2019-08-27 06:00,2019-08-27 08:00,0.463,0.105,0.082,18.153
2019-08-27 07:00,2019-08-27 09:00,0.940,0.279,0.096,21.162
2019-08-27 08:00,2019-08-27 10:00,1.337,0.435,0.112,22.964
2019-08-27 09:00,2019-08-27 11:00,1.658,0.578,0.120,23.806
2019-08-27 10:00,2019-08-27 12:00,1.847,0.666,0.128,24.407
2019-08-27 11:00,2019-08-27 13:00,1.938,0.715,0.128,24.863
2019-08-27 12:00,2019-08-27 14:00,1.917,0.710,0.124,25.083
2019-08-27 13:00,2019-08-27 15:00,1.773,0.644,0.116,25.024
2019-08-27 14:00,2019-08-27 16:00,1.518,0.531,0.104,24.729
2019-08-27 15:00,2019-08-27 17:00,1.118,0.367,0.091,24.881
2019-08-27 16:00,2019-08-27 18:00,0.609,0.178,0.072,24.724
2019-08-27 17:00,2019-08-27 19:00,0.119,0.029,0.031,22.982
2019-08-27 18:00,2019-08-27 20:00,0,0,0,21.437
2019-08-27 19:00,2019-08-27 21:00,0,0,0,20.079
2019-08-27 20:00,2019-08-27 22:00,0,0,0,18.845
2019-08-27 21:00,2019-08-27 23:00,0,0,0,18.150
2019-08-27 22:00,2019-08-28 00:00,0,0,0,17.771
2019-08-27 23:00,2019-08-28 01:00,0,0,0,17.529
2019-08-28 00:00,2019-08-28 02:00,0,0,0,17.329
2019-08-28 01:00,2019-08-28 03:00,0,0,0,17.117
2019-08-28 02:00,2019-08-28 04:00,0,0,0,16.790
2019-08-28 03:00,2019-08-28 05:00,0,0,0,16.317
2019-08-28 04:00,2019-08-28 06:00,0,0,0.004,15.914
2019-08-28 05:00,2019-08-28 07:00,0.081,0,0.043,16.573
2019-08-28 06:00,2019-08-28 08:00,0.260,0.006,0.105,17.968
2019-08-28 07:00,2019-08-28 09:00,0.519,0.030,0.179,19.244
2019-08-28 08:00,2019-08-28 10:00,0.772,0.070,0.238,20.739
2019-08-28 09:00,2019-08-28 11:00,0.912,0.093,0.273,22.334
2019-08-28 10:00,2019-08-28 12:00,1.015,0.117,0.293,23.412
2019-08-28 11:00,2019-08-28 13:00,1.240,0.214,0.295,24.335
2019-08-28 12:00,2019-08-28 14:00,1.502,0.387,0.243,25.225
2019-08-28 13:00,2019-08-28 15:00,1.576,0.486,0.181,25.840
2019-08-28 14:00,2019-08-28 16:00,1.381,0.429,0.147,25.902
2019-08-28 15:00,2019-08-28 17:00,1.000,0.287,0.123,26.300
2019-08-28 16:00,2019-08-28 18:00,0.504,0.117,0.092,24.845
2019-08-28 17:00,2019-08-28 19:00,0.089,0.016,0.032,21.805
2019-08-28 18:00,2019-08-28 20:00,0,0,0,19.755
2019-08-28 19:00,2019-08-28 21:00,0,0,0,18.960
2019-08-28 20:00,2019-08-28 22:00,0,0,0,18.720
2019-08-28 21:00,2019-08-28 23:00,0,0,0,18.830
2019-08-28 22:00,2019-08-29 00:00,0,0,0,18.539
2019-08-28 23:00,2019-08-29 01:00,0,0,0,17.654
2019-08-29 00:00,2019-08-29 02:00,0,0,0,16.803
2019-08-29 01:00,2019-08-29 03:00,0,0,0,16.203
2019-08-29 02:00,2019-08-29 04:00,0,0,0,15.886
2019-08-29 03:00,2019-08-29 05:00,0,0,0,15.750
2019-08-29 04:00,2019-08-29 06:00,0,0,0.004,15.808
2019-08-29 05:00,2019-08-29 07:00,0.071,0,0.039,16.724
2019-08-29 06:00,2019-08-29 08:00,0.176,0.002,0.079,17.396
2019-08-29 07:00,2019-08-29 09:00,0.288,0.004,0.118,17.999
2019-08-29 08:00,2019-08-29 10:00,0.386,0.007,0.152,18.956
2019-08-29 09:00,2019-08-29 11:00,0.466,0.009,0.181,20.287
2019-08-29 10:00,2019-08-29 12:00,0.482,0.009,0.187,20.845
2019-08-29 11:00,2019-08-29 13:00,0.524,0.012,0.201,21.453
2019-08-29 12:00,2019-08-29 14:00,0.534,0.014,0.204,21.768
2019-08-29 13:00,2019-08-29 15:00,0.518,0.016,0.196,21.832
2019-08-29 14:00,2019-08-29 16:00,0.435,0.014,0.165,21.618
2019-08-29 15:00,2019-08-29 17:00,0.304,0.010,0.120,21.179
2019-08-29 16:00,2019-08-29 18:00,0.160,0.006,0.069,20.505
2019-08-29 17:00,2019-08-29 19:00,0.025,0.001,0.018,19.345
2019-08-29 18:00,2019-08-29 20:00,0,0,0,18.573
2019-08-29 19:00,2019-08-29 21:00,0,0,0,18.279
2019-08-29 20:00,2019-08-29 22:00,0,0,0,18.058
2019-08-29 21:00,2019-08-29 23:00,0,0,0,17.725
2019-08-29 22:00,2019-08-30 00:00,0,0,0,17.248
2019-08-29 23:00,2019-08-30 01:00,0,0,0,16.771
2019-08-30 00:00,2019-08-30 02:00,0,0,0,16.385
2019-08-30 01:00,2019-08-30 03:00,0,0,0,16.083
2019-08-30 02:00,2019-08-30 04:00,0,0,0,15.801
2019-08-30 03:00,2019-08-30 05:00,0,0,0,15.519
2019-08-30 04:00,2019-08-30 06:00,0.001,0,0.006,15.421
2019-08-30 05:00,2019-08-30 07:00,0.113,0,0.056,16.319
2019-08-30 06:00,2019-08-30 08:00,0.441,0.096,0.083,18.755
2019-08-30 07:00,2019-08-30 09:00,0.917,0.269,0.095,20.489
2019-08-30 08:00,2019-08-30 10:00,1.373,0.459,0.099,21.614
2019-08-30 09:00,2019-08-30 11:00,1.717,0.618,0.103,22.591
2019-08-30 10:00,2019-08-30 12:00,1.931,0.725,0.106,23.360
2019-08-30 11:00,2019-08-30 13:00,2.021,0.774,0.107,23.857
2019-08-30 12:00,2019-08-30 14:00,1.981,0.754,0.107,24.058
2019-08-30 13:00,2019-08-30 15:00,1.815,0.671,0.105,23.962
2019-08-30 14:00,2019-08-30 16:00,1.520,0.533,0.099,23.585
2019-08-30 15:00,2019-08-30 17:00,1.093,0.352,0.090,22.987
2019-08-30 16:00,2019-08-30 18:00,0.561,0.155,0.072,21.886
2019-08-30 17:00,2019-08-30 19:00,0.094,0.025,0.025,19.568
2019-08-30 18:00,2019-08-30 20:00,0,0,0,17.933
2019-08-30 19:00,2019-08-30 21:00,0,0,0,17.429
2019-08-30 20:00,2019-08-30 22:00,0,0,0,16.998
2019-08-30 21:00,2019-08-30 23:00,0,0,0,16.636
2019-08-30 22:00,2019-08-31 00:00,0,0,0,16.313
2019-08-30 23:00,2019-08-31 01:00,0,0,0,16.067
2019-08-31 00:00,2019-08-31 02:00,0,0,0,15.807
2019-08-31 01:00,2019-08-31 03:00,0,0,0,15.476
2019-08-31 02:00,2019-08-31 04:00,0,0,0,15.086
2019-08-31 03:00,2019-08-31 05:00,0,0,0,14.627
2019-08-31 04:00,2019-08-31 06:00,0,0,0.005,14.170
2019-08-31 05:00,2019-08-31 07:00,0.103,0,0.052,15.596
2019-08-31 06:00,2019-08-31 08:00,0.446,0.105,0.075,17.373
2019-08-31 07:00,2019-08-31 09:00,0.950,0.292,0.084,19.616
2019-08-31 08:00,2019-08-31 10:00,1.402,0.482,0.090,21.807
2019-08-31 09:00,2019-08-31 11:00,1.735,0.637,0.096,23.428
2019-08-31 10:00,2019-08-31 12:00,1.933,0.737,0.102,24.461
2019-08-31 11:00,2019-08-31 13:00,2.007,0.775,0.106,25.047
2019-08-31 12:00,2019-08-31 14:00,1.968,0.756,0.106,25.323
2019-08-31 13:00,2019-08-31 15:00,1.791,0.666,0.105,25.300
2019-08-31 14:00,2019-08-31 16:00,1.496,0.527,0.099,24.994
2019-08-31 15:00,2019-08-31 17:00,1.074,0.350,0.089,24.885
2019-08-31 16:00,2019-08-31 18:00,0.550,0.155,0.071,24.187
2019-08-31 17:00,2019-08-31 19:00,0.086,0.023,0.023,21.662
2019-08-31 18:00,2019-08-31 20:00,0,0,0,20.103
2019-08-31 19:00,2019-08-31 21:00,0,0,0,19.049
2019-08-31 20:00,2019-08-31 22:00,0,0,0,18.244
2019-08-31 21:00,2019-08-31 23:00,0,0,0,17.704
2019-08-31 22:00,2019-09-01 00:00,0,0,0,17.352
2019-08-31 23:00,2019-09-01 01:00,0,0,0,16.970
2019-09-01 00:00,2019-09-01 02:00,0,0,0,16.634
2019-09-01 01:00,2019-09-01 03:00,0,0,0,16.252
2019-09-01 02:00,2019-09-01 04:00,0,0,0,15.822
2019-09-01 03:00,2019-09-01 05:00,0,0,0,15.447
2019-09-01 04:00,2019-09-01 06:00,0,0,0.005,15.202
2019-09-01 05:00,2019-09-01 07:00,0.113,0,0.056,16.746
2019-09-01 06:00,2019-09-01 08:00,0.433,0.086,0.090,18.747
2019-09-01 07:00,2019-09-01 09:00,0.906,0.257,0.104,20.555
2019-09-01 08:00,2019-09-01 10:00,1.311,0.414,0.119,22.043
2019-09-01 09:00,2019-09-01 11:00,1.627,0.550,0.129,22.758
2019-09-01 10:00,2019-09-01 12:00,1.822,0.638,0.137,23.108
2019-09-01 11:00,2019-09-01 13:00,1.871,0.653,0.147,23.196
2019-09-01 12:00,2019-09-01 14:00,1.823,0.628,0.148,23.094
2019-09-01 13:00,2019-09-01 15:00,1.623,0.527,0.150,22.785
2019-09-01 14:00,2019-09-01 16:00,1.231,0.345,0.154,22.211
2019-09-01 15:00,2019-09-01 17:00,0.792,0.181,0.136,21.440
2019-09-01 16:00,2019-09-01 18:00,0.290,0.040,0.084,20.147
2019-09-01 17:00,2019-09-01 19:00,0.029,0.004,0.017,18.339
2019-09-01 18:00,2019-09-01 20:00,0,0,0,17.185
2019-09-01 19:00,2019-09-01 21:00,0,0,0,16.462
2019-09-01 20:00,2019-09-01 22:00,0,0,0,15.700
2019-09-01 21:00,2019-09-01 23:00,0,0,0,15.035
2019-09-01 22:00,2019-09-02 00:00,0,0,0,14.646
2019-09-01 23:00,2019-09-02 01:00,0,0,0,14.382
2019-09-02 00:00,2019-09-02 02:00,0,0,0,13.984
2019-09-02 01:00,2019-09-02 03:00,0,0,0,13.582
2019-09-02 02:00,2019-09-02 04:00,0,0,0,13.218
2019-09-02 03:00,2019-09-02 05:00,0,0,0,12.885
2019-09-02 04:00,2019-09-02 06:00,0,0,0.002,12.656
2019-09-02 05:00,2019-09-02 07:00,0.049,0,0.029,12.768
2019-09-02 06:00,2019-09-02 08:00,0.146,0.001,0.066,13.015
2019-09-02 07:00,2019-09-02 09:00,0.241,0.003,0.100,13.369
2019-09-02 08:00,2019-09-02 10:00,0.301,0.004,0.121,13.683
2019-09-02 09:00,2019-09-02 11:00,0.377,0.005,0.147,13.916
2019-09-02 10:00,2019-09-02 12:00,0.476,0.009,0.180,14.220
2019-09-02 11:00,2019-09-02 13:00,0.562,0.013,0.207,14.597
2019-09-02 12:00,2019-09-02 14:00,0.546,0.014,0.201,14.859
2019-09-02 13:00,2019-09-02 15:00,0.499,0.014,0.183,14.990
2019-09-02 14:00,2019-09-02 16:00,0.482,0.019,0.173,15.055
2019-09-02 15:00,2019-09-02 17:00,0.371,0.018,0.133,14.969
2019-09-02 16:00,2019-09-02 18:00,0.209,0.012,0.079,14.582
2019-09-02 17:00,2019-09-02 19:00,0.034,0.003,0.020,13.670
2019-09-02 18:00,2019-09-02 20:00,0,0,0,12.365
2019-09-02 19:00,2019-09-02 21:00,0,0,0,10.842
2019-09-02 20:00,2019-09-02 22:00,0,0,0,9.922
2019-09-02 21:00,2019-09-02 23:00,0,0,0,9.391
2019-09-02 22:00,2019-09-03 00:00,0,0,0,8.940
2019-09-02 23:00,2019-09-03 01:00,0,0,0,8.515
2019-09-03 00:00,2019-09-03 02:00,0,0,0,8.098
2019-09-03 01:00,2019-09-03 03:00,0,0,0,7.842
2019-09-03 02:00,2019-09-03 04:00,0,0,0,7.688
2019-09-03 03:00,2019-09-03 05:00,0,0,0,7.589
2019-09-03 04:00,2019-09-03 06:00,0,0,0.004,7.490
2019-09-03 05:00,2019-09-03 07:00,0.079,0,0.041,9.162
2019-09-03 06:00,2019-09-03 08:00,0.459,0.124,0.057,12.244
2019-09-03 07:00,2019-09-03 09:00,1.013,0.328,0.064,15.238
2019-09-03 08:00,2019-09-03 10:00,1.503,0.527,0.070,16.297
2019-09-03 09:00,2019-09-03 11:00,1.867,0.693,0.075,17.266
2019-09-03 10:00,2019-09-03 12:00,2.098,0.809,0.079,17.954
2019-09-03 11:00,2019-09-03 13:00,2.197,0.862,0.079,18.476
2019-09-03 12:00,2019-09-03 14:00,2.165,0.849,0.078,18.798
2019-09-03 13:00,2019-09-03 15:00,2.000,0.767,0.075,18.882
2019-09-03 14:00,2019-09-03 16:00,1.696,0.624,0.070,18.687
2019-09-03 15:00,2019-09-03 17:00,1.247,0.431,0.063,18.224
2019-09-03 16:00,2019-09-03 18:00,0.665,0.210,0.053,17.768
2019-09-03 17:00,2019-09-03 19:00,0.097,0.032,0.018,16.223
2019-09-03 18:00,2019-09-03 20:00,0,0,0,15.167
2019-09-03 19:00,2019-09-03 21:00,0,0,0,13.921
2019-09-03 20:00,2019-09-03 22:00,0,0,0,12.708
2019-09-03 21:00,2019-09-03 23:00,0,0,0,11.669
2019-09-03 22:00,2019-09-04 00:00,0,0,0,11.015
2019-09-03 23:00,2019-09-04 01:00,0,0,0,10.676
2019-09-04 00:00,2019-09-04 02:00,0,0,0,10.542
2019-09-04 01:00,2019-09-04 03:00,0,0,0,10.476
2019-09-04 02:00,2019-09-04 04:00,0,0,0,10.289
2019-09-04 03:00,2019-09-04 05:00,0,0,0,9.751
2019-09-04 04:00,2019-09-04 06:00,0,0,0.003,8.921
2019-09-04 05:00,2019-09-04 07:00,0.073,0,0.039,10.032
2019-09-04 06:00,2019-09-04 08:00,0.456,0.126,0.054,12.963
2019-09-04 07:00,2019-09-04 09:00,1.020,0.334,0.061,15.194
2019-09-04 08:00,2019-09-04 10:00,1.504,0.536,0.067,17.496
2019-09-04 09:00,2019-09-04 11:00,1.865,0.704,0.072,18.970
2019-09-04 10:00,2019-09-04 12:00,2.088,0.819,0.075,20.044
2019-09-04 11:00,2019-09-04 13:00,2.181,0.871,0.077,20.733
2019-09-04 12:00,2019-09-04 14:00,2.147,0.856,0.076,21.131
2019-09-04 13:00,2019-09-04 15:00,1.982,0.773,0.073,21.236
2019-09-04 14:00,2019-09-04 16:00,1.682,0.630,0.068,21.012
2019-09-04 15:00,2019-09-04 17:00,1.237,0.436,0.061,20.784
2019-09-04 16:00,2019-09-04 18:00,0.661,0.213,0.050,19.913
2019-09-04 17:00,2019-09-04 19:00,0.090,0.030,0.017,17.222
2019-09-04 18:00,2019-09-04 20:00,0,0,0,15.727
2019-09-04 19:00,2019-09-04 21:00,0,0,0,14.422
2019-09-04 20:00,2019-09-04 22:00,0,0,0,13.388
2019-09-04 21:00,2019-09-04 23:00,0,0,0,12.697
2019-09-04 22:00,2019-09-05 00:00,0,0,0,12.330
2019-09-04 23:00,2019-09-05 01:00,0,0,0,11.906
2019-09-05 00:00,2019-09-05 02:00,0,0,0,11.383
2019-09-05 01:00,2019-09-05 03:00,0,0,0,10.954
2019-09-05 02:00,2019-09-05 04:00,0,0,0,10.499
2019-09-05 03:00,2019-09-05 05:00,0,0,0,10.055
2019-09-05 04:00,2019-09-05 06:00,0,0,0.002,9.593
2019-09-05 05:00,2019-09-05 07:00,0.114,0,0.055,11.071
2019-09-05 06:00,2019-09-05 08:00,0.413,0.047,0.117,12.668
2019-09-05 07:00,2019-09-05 09:00,0.783,0.134,0.168,14.436
2019-09-05 08:00,2019-09-05 10:00,0.946,0.137,0.229,15.547
2019-09-05 09:00,2019-09-05 11:00,0.955,0.104,0.267,16.000
2019-09-05 10:00,2019-09-05 12:00,1.066,0.121,0.295,16.297
2019-09-05 11:00,2019-09-05 13:00,0.959,0.085,0.288,16.283
2019-09-05 12:00,2019-09-05 14:00,0.761,0.047,0.249,15.847
2019-09-05 13:00,2019-09-05 15:00,0.660,0.039,0.218,15.230
2019-09-05 14:00,2019-09-05 16:00,0.548,0.034,0.181,14.588
2019-09-05 15:00,2019-09-05 17:00,0.329,0.017,0.118,13.762
2019-09-05 16:00,2019-09-05 18:00,0.113,0.004,0.051,12.679
2019-09-05 17:00,2019-09-05 19:00,0.005,0.001,0.008,11.390
2019-09-05 18:00,2019-09-05 20:00,0,0,0,10.527
2019-09-05 19:00,2019-09-05 21:00,0,0,0,10.042
2019-09-05 20:00,2019-09-05 22:00,0,0,0,9.603
2019-09-05 21:00,2019-09-05 23:00,0,0,0,9.311
2019-09-05 22:00,2019-09-06 00:00,0,0,0,9.059
2019-09-05 23:00,2019-09-06 01:00,0,0,0,8.787
2019-09-06 00:00,2019-09-06 02:00,0,0,0,8.536
2019-09-06 01:00,2019-09-06 03:00,0,0,0,8.348
2019-09-06 02:00,2019-09-06 04:00,0,0,0,8.168
2019-09-06 03:00,2019-09-06 05:00,0,0,0,8.149
2019-09-06 04:00,2019-09-06 06:00,0,0,0.001,8.282
2019-09-06 05:00,2019-09-06 07:00,0.063,0,0.035,8.747
2019-09-06 06:00,2019-09-06 08:00,0.253,0.006,0.100,9.579
2019-09-06 07:00,2019-09-06 09:00,0.515,0.025,0.173,10.498
2019-09-06 08:00,2019-09-06 10:00,0.769,0.057,0.236,11.743
2019-09-06 09:00,2019-09-06 11:00,0.915,0.075,0.275,12.936
2019-09-06 10:00,2019-09-06 12:00,0.971,0.078,0.294,13.710
2019-09-06 11:00,2019-09-06 13:00,0.917,0.064,0.289,14.049
2019-09-06 12:00,2019-09-06 14:00,0.728,0.035,0.245,14.024
2019-09-06 13:00,2019-09-06 15:00,0.536,0.019,0.191,13.864
2019-09-06 14:00,2019-09-06 16:00,0.317,0.007,0.123,13.536
2019-09-06 15:00,2019-09-06 17:00,0.154,0.003,0.068,13.173
2019-09-06 16:00,2019-09-06 18:00,0.055,0.001,0.031,12.661
2019-09-06 17:00,2019-09-06 19:00,0,0,0.004,11.968
2019-09-06 18:00,2019-09-06 20:00,0,0,0,11.584
2019-09-06 19:00,2019-09-06 21:00,0,0,0,11.358
2019-09-06 20:00,2019-09-06 22:00,0,0,0,11.114
2019-09-06 21:00,2019-09-06 23:00,0,0,0,10.934
2019-09-06 22:00,2019-09-07 00:00,0,0,0,10.816
2019-09-06 23:00,2019-09-07 01:00,0,0,0,10.604
2019-09-07 00:00,2019-09-07 02:00,0,0,0,10.332
2019-09-07 01:00,2019-09-07 03:00,0,0,0,10.163
2019-09-07 02:00,2019-09-07 04:00,0,0,0,9.962
2019-09-07 03:00,2019-09-07 05:00,0,0,0,9.861
2019-09-07 04:00,2019-09-07 06:00,0,0,0.001,9.808
2019-09-07 05:00,2019-09-07 07:00,0.033,0,0.022,10.006
2019-09-07 06:00,2019-09-07 08:00,0.151,0.002,0.067,10.386
2019-09-07 07:00,2019-09-07 09:00,0.357,0.009,0.134,10.900
2019-09-07 08:00,2019-09-07 10:00,0.660,0.035,0.217,11.487
2019-09-07 09:00,2019-09-07 11:00,0.796,0.051,0.252,12.070
2019-09-07 10:00,2019-09-07 12:00,1.111,0.126,0.300,12.938
2019-09-07 11:00,2019-09-07 13:00,1.261,0.185,0.303,13.723
2019-09-07 12:00,2019-09-07 14:00,1.220,0.184,0.289,14.179
2019-09-07 13:00,2019-09-07 15:00,1.014,0.130,0.261,14.365
2019-09-07 14:00,2019-09-07 16:00,0.606,0.044,0.192,14.082
2019-09-07 15:00,2019-09-07 17:00,0.272,0.010,0.104,13.600
2019-09-07 16:00,2019-09-07 18:00,0.097,0.003,0.046,12.819
2019-09-07 17:00,2019-09-07 19:00,0.007,0.001,0.009,11.822
2019-09-07 18:00,2019-09-07 20:00,0,0,0,10.752
2019-09-07 19:00,2019-09-07 21:00,0,0,0,9.729
2019-09-07 20:00,2019-09-07 22:00,0,0,0,9.140
2019-09-07 21:00,2019-09-07 23:00,0,0,0,8.697
2019-09-07 22:00,2019-09-08 00:00,0,0,0,8.299
2019-09-07 23:00,2019-09-08 01:00,0,0,0,8.055
2019-09-08 00:00,2019-09-08 02:00,0,0,0,7.986
2019-09-08 01:00,2019-09-08 03:00,0,0,0,8.053
2019-09-08 02:00,2019-09-08 04:00,0,0,0,8.143
2019-09-08 03:00,2019-09-08 05:00,0,0,0,8.049
2019-09-08 04:00,2019-09-08 06:00,0,0,0.001,7.807
2019-09-08 05:00,2019-09-08 07:00,0.049,0,0.029,8.361
2019-09-08 06:00,2019-09-08 08:00,0.233,0.004,0.094,9.482
2019-09-08 07:00,2019-09-08 09:00,0.403,0.011,0.149,10.614
2019-09-08 08:00,2019-09-08 10:00,0.398,0.007,0.150,11.011
2019-09-08 09:00,2019-09-08 11:00,0.411,0.007,0.156,11.078
2019-09-08 10:00,2019-09-08 12:00,0.451,0.007,0.169,11.102
2019-09-08 11:00,2019-09-08 13:00,0.457,0.008,0.171,11.018
2019-09-08 12:00,2019-09-08 14:00,0.403,0.006,0.153,10.755
2019-09-08 13:00,2019-09-08 15:00,0.360,0.006,0.137,10.183
2019-09-08 14:00,2019-09-08 16:00,0.300,0.006,0.116,9.422
2019-09-08 15:00,2019-09-08 17:00,0.162,0.003,0.069,8.614
2019-09-08 16:00,2019-09-08 18:00,0.042,0.001,0.025,7.981
2019-09-08 17:00,2019-09-08 19:00,0,0,0.003,7.611
2019-09-08 18:00,2019-09-08 20:00,0,0,0,7.464
2019-09-08 19:00,2019-09-08 21:00,0,0,0,7.410
2019-09-08 20:00,2019-09-08 22:00,0,0,0,7.417
2019-09-08 21:00,2019-09-08 23:00,0,0,0,7.444
2019-09-08 22:00,2019-09-09 00:00,0,0,0,7.458
2019-09-08 23:00,2019-09-09 01:00,0,0,0,7.495
2019-09-09 00:00,2019-09-09 02:00,0,0,0,7.525
2019-09-09 01:00,2019-09-09 03:00,0,0,0,7.589
2019-09-09 02:00,2019-09-09 04:00,0,0,0,7.663
2019-09-09 03:00,2019-09-09 05:00,0,0,0,7.750
2019-09-09 04:00,2019-09-09 06:00,0,0,0,7.787
2019-09-09 05:00,2019-09-09 07:00,0.011,0,0.012,7.875
2019-09-09 06:00,2019-09-09 08:00,0.080,0.001,0.041,8.172
2019-09-09 07:00,2019-09-09 09:00,0.173,0.002,0.074,8.660
2019-09-09 08:00,2019-09-09 10:00,0.341,0.006,0.131,9.334
2019-09-09 09:00,2019-09-09 11:00,0.589,0.019,0.206,10.116
2019-09-09 10:00,2019-09-09 12:00,0.802,0.041,0.263,11.006
2019-09-09 11:00,2019-09-09 13:00,0.811,0.045,0.264,11.749
2019-09-09 12:00,2019-09-09 14:00,0.896,0.068,0.273,12.339
2019-09-09 13:00,2019-09-09 15:00,0.895,0.088,0.254,12.669
2019-09-09 14:00,2019-09-09 16:00,0.740,0.076,0.208,12.684
2019-09-09 15:00,2019-09-09 17:00,0.449,0.038,0.139,12.415
2019-09-09 16:00,2019-09-09 18:00,0.245,0.026,0.077,11.748
2019-09-09 17:00,2019-09-09 19:00,0.022,0.004,0.013,9.976
2019-09-09 18:00,2019-09-09 20:00,0,0,0,9.418
2019-09-09 19:00,2019-09-09 21:00,0,0,0,8.969
2019-09-09 20:00,2019-09-09 22:00,0,0,0,8.177
2019-09-09 21:00,2019-09-09 23:00,0,0,0,7.620
2019-09-09 22:00,2019-09-10 00:00,0,0,0,7.480
2019-09-09 23:00,2019-09-10 01:00,0,0,0,7.473
2019-09-10 00:00,2019-09-10 02:00,0,0,0,7.425
2019-09-10 01:00,2019-09-10 03:00,0,0,0,7.239
2019-09-10 02:00,2019-09-10 04:00,0,0,0,7.049
2019-09-10 03:00,2019-09-10 05:00,0,0,0,6.791
2019-09-10 04:00,2019-09-10 06:00,0,0,0.001,6.211
2019-09-10 05:00,2019-09-10 07:00,0.080,0,0.041,6.771
2019-09-10 06:00,2019-09-10 08:00,0.366,0.051,0.094,8.752
2019-09-10 07:00,2019-09-10 09:00,0.899,0.241,0.099,10.721
2019-09-10 08:00,2019-09-10 10:00,1.392,0.440,0.100,13.017
2019-09-10 09:00,2019-09-10 11:00,1.635,0.524,0.126,14.647
2019-09-10 10:00,2019-09-10 12:00,1.801,0.589,0.141,15.708
2019-09-10 11:00,2019-09-10 13:00,1.884,0.631,0.142,16.462
2019-09-10 12:00,2019-09-10 14:00,1.961,0.694,0.119,16.973
2019-09-10 13:00,2019-09-10 15:00,1.883,0.678,0.098,17.141
2019-09-10 14:00,2019-09-10 16:00,1.605,0.560,0.085,16.884
2019-09-10 15:00,2019-09-10 17:00,1.127,0.362,0.078,16.190
2019-09-10 16:00,2019-09-10 18:00,0.503,0.137,0.061,14.731
2019-09-10 17:00,2019-09-10 19:00,0.026,0.008,0.011,11.675
2019-09-10 18:00,2019-09-10 20:00,0,0,0,10.372
2019-09-10 19:00,2019-09-10 21:00,0,0,0,9.816
2019-09-10 20:00,2019-09-10 22:00,0,0,0,9.434
2019-09-10 21:00,2019-09-10 23:00,0,0,0,9.223
2019-09-10 22:00,2019-09-11 00:00,0,0,0,9.030
2019-09-10 23:00,2019-09-11 01:00,0,0,0,8.988
2019-09-11 00:00,2019-09-11 02:00,0,0,0,9.086
2019-09-11 01:00,2019-09-11 03:00,0,0,0,9.134
2019-09-11 02:00,2019-09-11 04:00,0,0,0,9.005
2019-09-11 03:00,2019-09-11 05:00,0,0,0,8.684
2019-09-11 04:00,2019-09-11 06:00,0,0,0,8.451
2019-09-11 05:00,2019-09-11 07:00,0.036,0,0.024,8.752
2019-09-11 06:00,2019-09-11 08:00,0.240,0.010,0.091,9.766
2019-09-11 07:00,2019-09-11 09:00,0.700,0.116,0.153,12.656
2019-09-11 08:00,2019-09-11 10:00,1.105,0.262,0.167,15.527
2019-09-11 09:00,2019-09-11 11:00,1.459,0.414,0.165,16.382
2019-09-11 10:00,2019-09-11 12:00,2.008,0.732,0.107,17.648
2019-09-11 11:00,2019-09-11 13:00,2.108,0.791,0.103,18.351
2019-09-11 12:00,2019-09-11 14:00,2.060,0.768,0.104,18.686
2019-09-11 13:00,2019-09-11 15:00,1.831,0.649,0.109,18.677
2019-09-11 14:00,2019-09-11 16:00,1.429,0.459,0.113,18.309
2019-09-11 15:00,2019-09-11 17:00,0.955,0.273,0.101,17.692
2019-09-11 16:00,2019-09-11 18:00,0.379,0.085,0.069,16.473
2019-09-11 17:00,2019-09-11 19:00,0.013,0.004,0.009,14.538
2019-09-11 18:00,2019-09-11 20:00,0,0,0,13.989
2019-09-11 19:00,2019-09-11 21:00,0,0,0,13.569
2019-09-11 20:00,2019-09-11 22:00,0,0,0,12.654
2019-09-11 21:00,2019-09-11 23:00,0,0,0,11.501
2019-09-11 22:00,2019-09-12 00:00,0,0,0,10.760
2019-09-11 23:00,2019-09-12 01:00,0,0,0,10.371
2019-09-12 00:00,2019-09-12 02:00,0,0,0,9.778
2019-09-12 01:00,2019-09-12 03:00,0,0,0,9.469
2019-09-12 02:00,2019-09-12 04:00,0,0,0,9.224
2019-09-12 03:00,2019-09-12 05:00,0,0,0,9.559
2019-09-12 04:00,2019-09-12 06:00,0,0,0,9.698
2019-09-12 05:00,2019-09-12 07:00,0.059,0,0.034,10.540
2019-09-12 06:00,2019-09-12 08:00,0.304,0.026,0.098,12.725
2019-09-12 07:00,2019-09-12 09:00,0.705,0.136,0.138,14.993
2019-09-12 08:00,2019-09-12 10:00,1.207,0.342,0.132,17.022
2019-09-12 09:00,2019-09-12 11:00,1.696,0.585,0.107,18.289
2019-09-12 10:00,2019-09-12 12:00,1.992,0.742,0.098,19.226
2019-09-12 11:00,2019-09-12 13:00,2.031,0.757,0.107,19.815
2019-09-12 12:00,2019-09-12 14:00,1.959,0.718,0.110,20.096
2019-09-12 13:00,2019-09-12 15:00,1.876,0.694,0.093,20.170
2019-09-12 14:00,2019-09-12 16:00,1.585,0.565,0.082,19.939
2019-09-12 15:00,2019-09-12 17:00,1.137,0.380,0.071,19.406
2019-09-12 16:00,2019-09-12 18:00,0.543,0.163,0.054,18.206
2019-09-12 17:00,2019-09-12 19:00,0.024,0.009,0.009,16.592
2019-09-12 18:00,2019-09-12 20:00,0,0,0,16.145
2019-09-12 19:00,2019-09-12 21:00,0,0,0,15.297
2019-09-12 20:00,2019-09-12 22:00,0,0,0,13.959
2019-09-12 21:00,2019-09-12 23:00,0,0,0,12.766
2019-09-12 22:00,2019-09-13 00:00,0,0,0,12.040
2019-09-12 23:00,2019-09-13 01:00,0,0,0,11.557
2019-09-13 00:00,2019-09-13 02:00,0,0,0,11.156
2019-09-13 01:00,2019-09-13 03:00,0,0,0,10.818
2019-09-13 02:00,2019-09-13 04:00,0,0,0,10.527
2019-09-13 03:00,2019-09-13 05:00,0,0,0,10.266
2019-09-13 04:00,2019-09-13 06:00,0,0,0,9.955
2019-09-13 05:00,2019-09-13 07:00,0.059,0,0.034,10.945
2019-09-13 06:00,2019-09-13 08:00,0.398,0.100,0.060,14.165
2019-09-13 07:00,2019-09-13 09:00,0.922,0.286,0.073,16.311
2019-09-13 08:00,2019-09-13 10:00,1.392,0.477,0.081,18.576
2019-09-13 09:00,2019-09-13 11:00,1.759,0.644,0.085,19.851
2019-09-13 10:00,2019-09-13 12:00,1.984,0.755,0.088,20.609
2019-09-13 11:00,2019-09-13 13:00,2.077,0.804,0.090,21.102
2019-09-13 12:00,2019-09-13 14:00,2.043,0.790,0.088,21.365
2019-09-13 13:00,2019-09-13 15:00,1.874,0.708,0.085,21.397
2019-09-13 14:00,2019-09-13 16:00,1.560,0.562,0.079,21.132
2019-09-13 15:00,2019-09-13 17:00,1.082,0.359,0.073,20.553
2019-09-13 16:00,2019-09-13 18:00,0.466,0.133,0.056,19.311
2019-09-13 17:00,2019-09-13 19:00,0.014,0.006,0.008,17.065
2019-09-13 18:00,2019-09-13 20:00,0,0,0,16.243
2019-09-13 19:00,2019-09-13 21:00,0,0,0,15.814
2019-09-13 20:00,2019-09-13 22:00,0,0,0,15.407
2019-09-13 21:00,2019-09-13 23:00,0,0,0,15.090
2019-09-13 22:00,2019-09-14 00:00,0,0,0,14.794
2019-09-13 23:00,2019-09-14 01:00,0,0,0,14.402
2019-09-14 00:00,2019-09-14 02:00,0,0,0,14.015
2019-09-14 01:00,2019-09-14 03:00,0,0,0,13.659
2019-09-14 02:00,2019-09-14 04:00,0,0,0,13.310
2019-09-14 03:00,2019-09-14 05:00,0,0,0,12.994
2019-09-14 04:00,2019-09-14 06:00,0,0,0,12.641
2019-09-14 05:00,2019-09-14 07:00,0.049,0,0.030,13.093
2019-09-14 06:00,2019-09-14 08:00,0.281,0.020,0.098,14.751
2019-09-14 07:00,2019-09-14 09:00,0.635,0.096,0.153,16.415
2019-09-14 08:00,2019-09-14 10:00,1.024,0.224,0.178,18.003
2019-09-14 09:00,2019-09-14 11:00,1.442,0.412,0.169,19.228
2019-09-14 10:00,2019-09-14 12:00,1.775,0.589,0.148,20.120
2019-09-14 11:00,2019-09-14 13:00,1.834,0.616,0.153,20.686
2019-09-14 12:00,2019-09-14 14:00,1.707,0.543,0.165,20.877
2019-09-14 13:00,2019-09-14 15:00,1.501,0.450,0.163,20.821
2019-09-14 14:00,2019-09-14 16:00,1.124,0.293,0.156,20.463
2019-09-14 15:00,2019-09-14 17:00,0.641,0.130,0.126,19.745
2019-09-14 16:00,2019-09-14 18:00,0.242,0.041,0.065,18.471
2019-09-14 17:00,2019-09-14 19:00,0.005,0.002,0.007,16.086
2019-09-14 18:00,2019-09-14 20:00,0,0,0,14.869
2019-09-14 19:00,2019-09-14 21:00,0,0,0,14.239
2019-09-14 20:00,2019-09-14 22:00,0,0,0,13.725
2019-09-14 21:00,2019-09-14 23:00,0,0,0,13.186
2019-09-14 22:00,2019-09-15 00:00,0,0,0,12.625
2019-09-14 23:00,2019-09-15 01:00,0,0,0,12.216
2019-09-15 00:00,2019-09-15 02:00,0,0,0,11.854
2019-09-15 01:00,2019-09-15 03:00,0,0,0,11.486
2019-09-15 02:00,2019-09-15 04:00,0,0,0,11.214
2019-09-15 03:00,2019-09-15 05:00,0,0,0,11.024
2019-09-15 04:00,2019-09-15 06:00,0,0,0,10.854
2019-09-15 05:00,2019-09-15 07:00,0.055,0,0.032,11.657
2019-09-15 06:00,2019-09-15 08:00,0.374,0.086,0.066,14.412
2019-09-15 07:00,2019-09-15 09:00,0.907,0.280,0.073,16.657
2019-09-15 08:00,2019-09-15 10:00,1.383,0.475,0.079,19.087
2019-09-15 09:00,2019-09-15 11:00,1.756,0.649,0.082,20.649
2019-09-15 10:00,2019-09-15 12:00,1.979,0.760,0.086,21.560
2019-09-15 11:00,2019-09-15 13:00,2.067,0.808,0.088,22.169
2019-09-15 12:00,2019-09-15 14:00,2.030,0.791,0.087,22.535
2019-09-15 13:00,2019-09-15 15:00,1.857,0.706,0.084,22.612
2019-09-15 14:00,2019-09-15 16:00,1.544,0.560,0.078,22.359
2019-09-15 15:00,2019-09-15 17:00,1.076,0.362,0.070,21.839
2019-09-15 16:00,2019-09-15 18:00,0.486,0.147,0.051,20.561
2019-09-15 17:00,2019-09-15 19:00,0.010,0.006,0.006,18.359
2019-09-15 18:00,2019-09-15 20:00,0,0,0,17.326
2019-09-15 19:00,2019-09-15 21:00,0,0,0,16.362
2019-09-15 20:00,2019-09-15 22:00,0,0,0,15.549
2019-09-15 21:00,2019-09-15 23:00,0,0,0,15.043
2019-09-15 22:00,2019-09-16 00:00,0,0,0,14.552
2019-09-15 23:00,2019-09-16 01:00,0,0,0,14.168
2019-09-16 00:00,2019-09-16 02:00,0,0,0,13.698
2019-09-16 01:00,2019-09-16 03:00,0,0,0,13.235
2019-09-16 02:00,2019-09-16 04:00,0,0,0,12.845
2019-09-16 03:00,2019-09-16 05:00,0,0,0,12.455
2019-09-16 04:00,2019-09-16 06:00,0,0,0,12.082
2019-09-16 05:00,2019-09-16 07:00,0.057,0,0.033,12.942
2019-09-16 06:00,2019-09-16 08:00,0.353,0.060,0.085,15.760
2019-09-16 07:00,2019-09-16 09:00,0.765,0.177,0.123,17.487
2019-09-16 08:00,2019-09-16 10:00,1.006,0.221,0.177,19.064
2019-09-16 09:00,2019-09-16 11:00,1.063,0.194,0.229,20.079
2019-09-16 10:00,2019-09-16 12:00,1.100,0.185,0.254,20.729
2019-09-16 11:00,2019-09-16 13:00,1.236,0.248,0.251,21.288
2019-09-16 12:00,2019-09-16 14:00,1.500,0.415,0.201,21.838
2019-09-16 13:00,2019-09-16 15:00,1.553,0.491,0.151,22.119
2019-09-16 14:00,2019-09-16 16:00,1.238,0.367,0.134,21.906
2019-09-16 15:00,2019-09-16 17:00,0.774,0.197,0.112,21.227
2019-09-16 16:00,2019-09-16 18:00,0.293,0.062,0.063,19.565
2019-09-16 17:00,2019-09-16 19:00,0.002,0.002,0.005,17.062
2019-09-16 18:00,2019-09-16 20:00,0,0,0,16.099
2019-09-16 19:00,2019-09-16 21:00,0,0,0,15.398
2019-09-16 20:00,2019-09-16 22:00,0,0,0,14.794
2019-09-16 21:00,2019-09-16 23:00,0,0,0,14.219
2019-09-16 22:00,2019-09-17 00:00,0,0,0,13.753
2019-09-16 23:00,2019-09-17 01:00,0,0,0,13.346
2019-09-17 00:00,2019-09-17 02:00,0,0,0,12.747
2019-09-17 01:00,2019-09-17 03:00,0,0,0,11.879
2019-09-17 02:00,2019-09-17 04:00,0,0,0,11.218
2019-09-17 03:00,2019-09-17 05:00,0,0,0,10.906
2019-09-17 04:00,2019-09-17 06:00,0,0,0,10.663
2019-09-17 05:00,2019-09-17 07:00,0.049,0,0.030,11.183
2019-09-17 06:00,2019-09-17 08:00,0.297,0.026,0.096,13.097
2019-09-17 07:00,2019-09-17 09:00,0.568,0.070,0.152,14.516
2019-09-17 08:00,2019-09-17 10:00,1.048,0.229,0.179,15.989
2019-09-17 09:00,2019-09-17 11:00,1.268,0.291,0.209,16.871
2019-09-17 10:00,2019-09-17 12:00,1.291,0.268,0.243,17.282
2019-09-17 11:00,2019-09-17 13:00,1.324,0.278,0.247,17.576
2019-09-17 12:00,2019-09-17 14:00,1.495,0.387,0.212,17.907
2019-09-17 13:00,2019-09-17 15:00,1.365,0.352,0.191,17.905
2019-09-17 14:00,2019-09-17 16:00,0.858,0.159,0.177,17.348
2019-09-17 15:00,2019-09-17 17:00,0.537,0.088,0.124,16.584
2019-09-17 16:00,2019-09-17 18:00,0.263,0.049,0.062,15.386
2019-09-17 17:00,2019-09-17 19:00,0.001,0.002,0.005,13.101
2019-09-17 18:00,2019-09-17 20:00,0,0,0,12.124
2019-09-17 19:00,2019-09-17 21:00,0,0,0,11.333
2019-09-17 20:00,2019-09-17 22:00,0,0,0,10.159
2019-09-17 21:00,2019-09-17 23:00,0,0,0,9.102
2019-09-17 22:00,2019-09-18 00:00,0,0,0,8.462
2019-09-17 23:00,2019-09-18 01:00,0,0,0,7.963
2019-09-18 00:00,2019-09-18 02:00,0,0,0,7.455
2019-09-18 01:00,2019-09-18 03:00,0,0,0,6.793
2019-09-18 02:00,2019-09-18 04:00,0,0,0,6.096
2019-09-18 03:00,2019-09-18 05:00,0,0,0,5.368
2019-09-18 04:00,2019-09-18 06:00,0,0,0,4.701
2019-09-18 05:00,2019-09-18 07:00,0.037,0,0.024,5.279
2019-09-18 06:00,2019-09-18 08:00,0.389,0.097,0.055,7.518
2019-09-18 07:00,2019-09-18 09:00,0.965,0.300,0.063,9.613
2019-09-18 08:00,2019-09-18 10:00,1.479,0.502,0.069,11.293
2019-09-18 09:00,2019-09-18 11:00,1.860,0.668,0.075,12.626
2019-09-18 10:00,2019-09-18 12:00,2.086,0.775,0.081,13.559
2019-09-18 11:00,2019-09-18 13:00,2.127,0.787,0.092,14.109
2019-09-18 12:00,2019-09-18 14:00,1.929,0.669,0.115,14.300
2019-09-18 13:00,2019-09-18 15:00,1.579,0.487,0.136,14.123
2019-09-18 14:00,2019-09-18 16:00,1.154,0.309,0.136,13.646
2019-09-18 15:00,2019-09-18 17:00,0.694,0.158,0.109,12.912
2019-09-18 16:00,2019-09-18 18:00,0.238,0.046,0.055,11.392
2019-09-18 17:00,2019-09-18 19:00,0.001,0.002,0.004,9.307
2019-09-18 18:00,2019-09-18 20:00,0,0,0,8.669
2019-09-18 19:00,2019-09-18 21:00,0,0,0,8.183
2019-09-18 20:00,2019-09-18 22:00,0,0,0,7.851
2019-09-18 21:00,2019-09-18 23:00,0,0,0,7.567
2019-09-18 22:00,2019-09-19 00:00,0,0,0,7.171
2019-09-18 23:00,2019-09-19 01:00,0,0,0,6.735
2019-09-19 00:00,2019-09-19 02:00,0,0,0,6.447
2019-09-19 01:00,2019-09-19 03:00,0,0,0,6.002
2019-09-19 02:00,2019-09-19 04:00,0,0,0,5.282
2019-09-19 03:00,2019-09-19 05:00,0,0,0,4.500
2019-09-19 04:00,2019-09-19 06:00,0,0,0,3.979
2019-09-19 05:00,2019-09-19 07:00,0.038,0,0.024,4.313
2019-09-19 06:00,2019-09-19 08:00,0.290,0.036,0.081,6.393
2019-09-19 07:00,2019-09-19 09:00,0.777,0.190,0.102,8.622
2019-09-19 08:00,2019-09-19 10:00,1.396,0.454,0.081,10.923
2019-09-19 09:00,2019-09-19 11:00,1.874,0.678,0.071,12.281
2019-09-19 10:00,2019-09-19 12:00,2.123,0.799,0.072,13.083
2019-09-19 11:00,2019-09-19 13:00,2.229,0.855,0.073,13.563
2019-09-19 12:00,2019-09-19 14:00,2.194,0.839,0.072,13.793
2019-09-19 13:00,2019-09-19 15:00,2.017,0.755,0.069,13.743
2019-09-19 14:00,2019-09-19 16:00,1.689,0.606,0.063,13.382
2019-09-19 15:00,2019-09-19 17:00,1.198,0.404,0.056,12.645
2019-09-19 16:00,2019-09-19 18:00,0.544,0.168,0.041,10.793
2019-09-19 17:00,2019-09-19 19:00,0.003,0.004,0.004,7.516
2019-09-19 18:00,2019-09-19 20:00,0,0,0,6.612
2019-09-19 19:00,2019-09-19 21:00,0,0,0,5.905
2019-09-19 20:00,2019-09-19 22:00,0,0,0,5.175
2019-09-19 21:00,2019-09-19 23:00,0,0,0,4.594
2019-09-19 22:00,2019-09-20 00:00,0,0,0,4.111
2019-09-19 23:00,2019-09-20 01:00,0,0,0,3.714
2019-09-20 00:00,2019-09-20 02:00,0,0,0,3.409
2019-09-20 01:00,2019-09-20 03:00,0,0,0,3.206
2019-09-20 02:00,2019-09-20 04:00,0,0,0,2.999
2019-09-20 03:00,2019-09-20 05:00,0,0,0,2.690
2019-09-20 04:00,2019-09-20 06:00,0,0,0,2.441
2019-09-20 05:00,2019-09-20 07:00,0.034,0,0.022,2.964
2019-09-20 06:00,2019-09-20 08:00,0.329,0.059,0.071,5.531
2019-09-20 07:00,2019-09-20 09:00,0.877,0.249,0.078,8.109
2019-09-20 08:00,2019-09-20 10:00,1.432,0.476,0.073,10.856
2019-09-20 09:00,2019-09-20 11:00,1.839,0.659,0.074,12.383
2019-09-20 10:00,2019-09-20 12:00,2.083,0.777,0.077,13.455
2019-09-20 11:00,2019-09-20 13:00,2.175,0.825,0.079,14.205
2019-09-20 12:00,2019-09-20 14:00,2.122,0.800,0.080,14.588
2019-09-20 13:00,2019-09-20 15:00,1.919,0.701,0.079,14.593
2019-09-20 14:00,2019-09-20 16:00,1.573,0.546,0.075,14.245
2019-09-20 15:00,2019-09-20 17:00,1.073,0.345,0.067,13.457
2019-09-20 16:00,2019-09-20 18:00,0.437,0.126,0.046,11.484
2019-09-20 17:00,2019-09-20 19:00,0,0.002,0.003,8.417
2019-09-20 18:00,2019-09-20 20:00,0,0,0,7.422
2019-09-20 19:00,2019-09-20 21:00,0,0,0,6.772
2019-09-20 20:00,2019-09-20 22:00,0,0,0,6.269
2019-09-20 21:00,2019-09-20 23:00,0,0,0,5.861
2019-09-20 22:00,2019-09-21 00:00,0,0,0,5.519
2019-09-20 23:00,2019-09-21 01:00,0,0,0,5.249
2019-09-21 00:00,2019-09-21 02:00,0,0,0,5.034
2019-09-21 01:00,2019-09-21 03:00,0,0,0,4.803
2019-09-21 02:00,2019-09-21 04:00,0,0,0,4.496
2019-09-21 03:00,2019-09-21 05:00,0,0,0,4.036
2019-09-21 04:00,2019-09-21 06:00,0,0,0,3.602
2019-09-21 05:00,2019-09-21 07:00,0.027,0,0.019,3.976
2019-09-21 06:00,2019-09-21 08:00,0.362,0.090,0.053,6.781
2019-09-21 07:00,2019-09-21 09:00,0.925,0.285,0.062,9.300
2019-09-21 08:00,2019-09-21 10:00,1.428,0.485,0.068,12.448
2019-09-21 09:00,2019-09-21 11:00,1.809,0.659,0.072,15.060
2019-09-21 10:00,2019-09-21 12:00,2.041,0.776,0.075,16.732
2019-09-21 11:00,2019-09-21 13:00,2.136,0.829,0.076,17.714
2019-09-21 12:00,2019-09-21 14:00,2.098,0.814,0.075,18.255
2019-09-21 13:00,2019-09-21 15:00,1.921,0.729,0.071,18.396
2019-09-21 14:00,2019-09-21 16:00,1.596,0.580,0.066,18.028
2019-09-21 15:00,2019-09-21 17:00,1.111,0.377,0.059,17.030
2019-09-21 16:00,2019-09-21 18:00,0.476,0.147,0.041,14.574
2019-09-21 17:00,2019-09-21 19:00,0,0.002,0.002,11.461
2019-09-21 18:00,2019-09-21 20:00,0,0,0,10.647
2019-09-21 19:00,2019-09-21 21:00,0,0,0,10.017
2019-09-21 20:00,2019-09-21 22:00,0,0,0,9.405
2019-09-21 21:00,2019-09-21 23:00,0,0,0,8.916
2019-09-21 22:00,2019-09-22 00:00,0,0,0,8.645
2019-09-21 23:00,2019-09-22 01:00,0,0,0,8.544
2019-09-22 00:00,2019-09-22 02:00,0,0,0,8.397
2019-09-22 01:00,2019-09-22 03:00,0,0,0,8.503
2019-09-22 02:00,2019-09-22 04:00,0,0,0,8.648
2019-09-22 03:00,2019-09-22 05:00,0,0,0,8.618
2019-09-22 04:00,2019-09-22 06:00,0,0,0,8.655
2019-09-22 05:00,2019-09-22 07:00,0.011,0,0.012,8.944
2019-09-22 06:00,2019-09-22 08:00,0.111,0.002,0.052,10.018
2019-09-22 07:00,2019-09-22 09:00,0.252,0.006,0.100,11.266
2019-09-22 08:00,2019-09-22 10:00,0.393,0.011,0.146,12.516
2019-09-22 09:00,2019-09-22 11:00,0.529,0.019,0.188,13.820
2019-09-22 10:00,2019-09-22 12:00,0.619,0.026,0.215,15.139
2019-09-22 11:00,2019-09-22 13:00,0.649,0.031,0.224,16.350
2019-09-22 12:00,2019-09-22 14:00,0.660,0.038,0.222,17.240
2019-09-22 13:00,2019-09-22 15:00,0.638,0.046,0.206,17.748
2019-09-22 14:00,2019-09-22 16:00,0.570,0.054,0.173,17.752
2019-09-22 15:00,2019-09-22 17:00,0.447,0.058,0.122,17.435
2019-09-22 16:00,2019-09-22 18:00,0.193,0.032,0.054,16.029
2019-09-22 17:00,2019-09-22 19:00,0,0.001,0.002,13.918
2019-09-22 18:00,2019-09-22 20:00,0,0,0,13.073
2019-09-22 19:00,2019-09-22 21:00,0,0,0,12.401
2019-09-22 20:00,2019-09-22 22:00,0,0,0,11.954
2019-09-22 21:00,2019-09-22 23:00,0,0,0,11.998
2019-09-22 22:00,2019-09-23 00:00,0,0,0,12.040
2019-09-22 23:00,2019-09-23 01:00,0,0,0,11.977
2019-09-23 00:00,2019-09-23 02:00,0,0,0,11.788
2019-09-23 01:00,2019-09-23 03:00,0,0,0,11.381
2019-09-23 02:00,2019-09-23 04:00,0,0,0,11.369
2019-09-23 03:00,2019-09-23 05:00,0,0,0,11.697
2019-09-23 04:00,2019-09-23 06:00,0,0,0,11.695
2019-09-23 05:00,2019-09-23 07:00,0.008,0,0.010,11.874
2019-09-23 06:00,2019-09-23 08:00,0.104,0.001,0.050,11.967
2019-09-23 07:00,2019-09-23 09:00,0.213,0.003,0.088,11.772
2019-09-23 08:00,2019-09-23 10:00,0.256,0.004,0.104,11.799
2019-09-23 09:00,2019-09-23 11:00,0.301,0.004,0.119,11.921
2019-09-23 10:00,2019-09-23 12:00,0.312,0.004,0.123,11.988
2019-09-23 11:00,2019-09-23 13:00,0.332,0.005,0.130,12.061
2019-09-23 12:00,2019-09-23 14:00,0.365,0.007,0.140,12.222
2019-09-23 13:00,2019-09-23 15:00,0.355,0.008,0.135,12.374
2019-09-23 14:00,2019-09-23 16:00,0.287,0.008,0.111,12.393
2019-09-23 15:00,2019-09-23 17:00,0.197,0.007,0.079,12.213
2019-09-23 16:00,2019-09-23 18:00,0.074,0.005,0.035,11.580
2019-09-23 17:00,2019-09-23 19:00,0,0,0.001,10.281
2019-09-23 18:00,2019-09-23 20:00,0,0,0,9.694
2019-09-23 19:00,2019-09-23 21:00,0,0,0,9.261
2019-09-23 20:00,2019-09-23 22:00,0,0,0,8.858
2019-09-23 21:00,2019-09-23 23:00,0,0,0,8.549
2019-09-23 22:00,2019-09-24 00:00,0,0,0,8.373
2019-09-23 23:00,2019-09-24 01:00,0,0,0,8.237
2019-09-24 00:00,2019-09-24 02:00,0,0,0,8.092
2019-09-24 01:00,2019-09-24 03:00,0,0,0,7.782
2019-09-24 02:00,2019-09-24 04:00,0,0,0,7.594
2019-09-24 03:00,2019-09-24 05:00,0,0,0,7.611
2019-09-24 04:00,2019-09-24 06:00,0,0,0,7.518
2019-09-24 05:00,2019-09-24 07:00,0.024,0,0.018,7.679
2019-09-24 06:00,2019-09-24 08:00,0.320,0.057,0.072,9.857
2019-09-24 07:00,2019-09-24 09:00,0.816,0.217,0.095,12.605
2019-09-24 08:00,2019-09-24 10:00,1.218,0.351,0.121,14.661
2019-09-24 09:00,2019-09-24 11:00,1.409,0.389,0.167,15.688
2019-09-24 10:00,2019-09-24 12:00,1.192,0.228,0.239,16.249
2019-09-24 11:00,2019-09-24 13:00,0.878,0.096,0.246,16.270
2019-09-24 12:00,2019-09-24 14:00,0.692,0.056,0.214,16.096
2019-09-24 13:00,2019-09-24 15:00,0.728,0.080,0.204,16.137
2019-09-24 14:00,2019-09-24 16:00,0.761,0.128,0.168,16.131
2019-09-24 15:00,2019-09-24 17:00,0.576,0.115,0.112,15.680
2019-09-24 16:00,2019-09-24 18:00,0.203,0.042,0.047,14.091
2019-09-24 17:00,2019-09-24 19:00,0,0,0.001,12.427
2019-09-24 18:00,2019-09-24 20:00,0,0,0,11.950
2019-09-24 19:00,2019-09-24 21:00,0,0,0,11.257
2019-09-24 20:00,2019-09-24 22:00,0,0,0,11.033
2019-09-24 21:00,2019-09-24 23:00,0,0,0,11.107
2019-09-24 22:00,2019-09-25 00:00,0,0,0,11.211
2019-09-24 23:00,2019-09-25 01:00,0,0,0,11.204
2019-09-25 00:00,2019-09-25 02:00,0,0,0,11.204
2019-09-25 01:00,2019-09-25 03:00,0,0,0,11.092
2019-09-25 02:00,2019-09-25 04:00,0,0,0,11.128
2019-09-25 03:00,2019-09-25 05:00,0,0,0,11.088
2019-09-25 04:00,2019-09-25 06:00,0,0,0,11.031
2019-09-25 05:00,2019-09-25 07:00,0.003,0,0.007,10.949
2019-09-25 06:00,2019-09-25 08:00,0.080,0.001,0.041,11.328
2019-09-25 07:00,2019-09-25 09:00,0.215,0.005,0.087,11.896
2019-09-25 08:00,2019-09-25 10:00,0.442,0.020,0.155,12.673
2019-09-25 09:00,2019-09-25 11:00,0.952,0.134,0.232,13.845
2019-09-25 10:00,2019-09-25 12:00,1.705,0.513,0.171,15.312
2019-09-25 11:00,2019-09-25 13:00,1.918,0.645,0.143,16.241
2019-09-25 12:00,2019-09-25 14:00,1.704,0.519,0.169,16.415
2019-09-25 13:00,2019-09-25 15:00,1.223,0.281,0.197,15.985
2019-09-25 14:00,2019-09-25 16:00,0.703,0.103,0.170,15.203
2019-09-25 15:00,2019-09-25 17:00,0.333,0.034,0.102,14.213
2019-09-25 16:00,2019-09-25 18:00,0.095,0.011,0.037,12.751
2019-09-25 17:00,2019-09-25 19:00,0,0,0.001,10.896
2019-09-25 18:00,2019-09-25 20:00,0,0,0,10.417
2019-09-25 19:00,2019-09-25 21:00,0,0,0,10.154
2019-09-25 20:00,2019-09-25 22:00,0,0,0,9.860
2019-09-25 21:00,2019-09-25 23:00,0,0,0,9.619
2019-09-25 22:00,2019-09-26 00:00,0,0,0,9.498
2019-09-25 23:00,2019-09-26 01:00,0,0,0,9.543
2019-09-26 00:00,2019-09-26 02:00,0,0,0,9.431
2019-09-26 01:00,2019-09-26 03:00,0,0,0,9.584
2019-09-26 02:00,2019-09-26 04:00,0,0,0,9.802
2019-09-26 03:00,2019-09-26 05:00,0,0,0,9.896
2019-09-26 04:00,2019-09-26 06:00,0,0,0,9.911
2019-09-26 05:00,2019-09-26 07:00,0.008,0,0.010,10.035
2019-09-26 06:00,2019-09-26 08:00,0.215,0.014,0.078,11.159
2019-09-26 07:00,2019-09-26 09:00,0.613,0.101,0.136,12.578
2019-09-26 08:00,2019-09-26 10:00,1.061,0.254,0.155,14.396
2019-09-26 09:00,2019-09-26 11:00,1.488,0.438,0.152,15.799
2019-09-26 10:00,2019-09-26 12:00,1.671,0.508,0.167,16.643
2019-09-26 11:00,2019-09-26 13:00,1.468,0.368,0.217,16.850
2019-09-26 12:00,2019-09-26 14:00,1.135,0.208,0.236,16.634
2019-09-26 13:00,2019-09-26 15:00,0.940,0.151,0.215,16.306
2019-09-26 14:00,2019-09-26 16:00,0.513,0.049,0.155,15.689
2019-09-26 15:00,2019-09-26 17:00,0.198,0.011,0.076,14.835
2019-09-26 16:00,2019-09-26 18:00,0.017,0.001,0.014,13.762
2019-09-26 17:00,2019-09-26 19:00,0,0,0,12.998
2019-09-26 18:00,2019-09-26 20:00,0,0,0,12.692
2019-09-26 19:00,2019-09-26 21:00,0,0,0,12.443
2019-09-26 20:00,2019-09-26 22:00,0,0,0,12.361
2019-09-26 21:00,2019-09-26 23:00,0,0,0,12.390
2019-09-26 22:00,2019-09-27 00:00,0,0,0,12.433
2019-09-26 23:00,2019-09-27 01:00,0,0,0,12.496
2019-09-27 00:00,2019-09-27 02:00,0,0,0,12.361
2019-09-27 01:00,2019-09-27 03:00,0,0,0,12.074
2019-09-27 02:00,2019-09-27 04:00,0,0,0,11.900
2019-09-27 03:00,2019-09-27 05:00,0,0,0,11.854
2019-09-27 04:00,2019-09-27 06:00,0,0,0,11.938
2019-09-27 05:00,2019-09-27 07:00,0,0,0.005,12.036
2019-09-27 06:00,2019-09-27 08:00,0.073,0.001,0.039,12.866
2019-09-27 07:00,2019-09-27 09:00,0.236,0.006,0.095,14.165
2019-09-27 08:00,2019-09-27 10:00,0.462,0.021,0.164,15.776
2019-09-27 09:00,2019-09-27 11:00,0.685,0.049,0.220,17.178
2019-09-27 10:00,2019-09-27 12:00,0.921,0.101,0.260,18.090
2019-09-27 11:00,2019-09-27 13:00,0.997,0.122,0.271,18.655
2019-09-27 12:00,2019-09-27 14:00,0.639,0.040,0.213,18.426
2019-09-27 13:00,2019-09-27 15:00,0.491,0.026,0.171,18.086
2019-09-27 14:00,2019-09-27 16:00,0.486,0.040,0.155,17.867
2019-09-27 15:00,2019-09-27 17:00,0.435,0.063,0.113,17.262
2019-09-27 16:00,2019-09-27 18:00,0.176,0.035,0.045,15.522
2019-09-27 17:00,2019-09-27 19:00,0,0,0,13.813
2019-09-27 18:00,2019-09-27 20:00,0,0,0,13.465
2019-09-27 19:00,2019-09-27 21:00,0,0,0,13.132
2019-09-27 20:00,2019-09-27 22:00,0,0,0,12.748
2019-09-27 21:00,2019-09-27 23:00,0,0,0,12.588
2019-09-27 22:00,2019-09-28 00:00,0,0,0,12.636
2019-09-27 23:00,2019-09-28 01:00,0,0,0,12.633
2019-09-28 00:00,2019-09-28 02:00,0,0,0,12.520
2019-09-28 01:00,2019-09-28 03:00,0,0,0,12.371
2019-09-28 02:00,2019-09-28 04:00,0,0,0,12.133
2019-09-28 03:00,2019-09-28 05:00,0,0,0,11.661
2019-09-28 04:00,2019-09-28 06:00,0,0,0,11.292
2019-09-28 05:00,2019-09-28 07:00,0.007,0,0.010,11.062
2019-09-28 06:00,2019-09-28 08:00,0.191,0.014,0.070,11.685
2019-09-28 07:00,2019-09-28 09:00,0.552,0.086,0.128,12.450
2019-09-28 08:00,2019-09-28 10:00,0.923,0.197,0.157,13.427
2019-09-28 09:00,2019-09-28 11:00,1.567,0.498,0.123,14.695
2019-09-28 10:00,2019-09-28 12:00,1.741,0.570,0.133,15.675
2019-09-28 11:00,2019-09-28 13:00,1.700,0.529,0.155,16.073
2019-09-28 12:00,2019-09-28 14:00,1.630,0.500,0.154,16.243
2019-09-28 13:00,2019-09-28 15:00,1.585,0.509,0.126,16.300
2019-09-28 14:00,2019-09-28 16:00,1.325,0.419,0.102,16.060
2019-09-28 15:00,2019-09-28 17:00,0.886,0.264,0.079,15.381
2019-09-28 16:00,2019-09-28 18:00,0.270,0.074,0.039,13.344
2019-09-28 17:00,2019-09-28 19:00,0,0,0,11.104
2019-09-28 18:00,2019-09-28 20:00,0,0,0,10.559
2019-09-28 19:00,2019-09-28 21:00,0,0,0,10.169
2019-09-28 20:00,2019-09-28 22:00,0,0,0,9.817
2019-09-28 21:00,2019-09-28 23:00,0,0,0,9.437
2019-09-28 22:00,2019-09-29 00:00,0,0,0,9.109
2019-09-28 23:00,2019-09-29 01:00,0,0,0,8.870
2019-09-29 00:00,2019-09-29 02:00,0,0,0,8.943
2019-09-29 01:00,2019-09-29 03:00,0,0,0,9.152
2019-09-29 02:00,2019-09-29 04:00,0,0,0,9.151
2019-09-29 03:00,2019-09-29 05:00,0,0,0,8.724
2019-09-29 04:00,2019-09-29 06:00,0,0,0,8.102
2019-09-29 05:00,2019-09-29 07:00,0.010,0,0.011,7.806
2019-09-29 06:00,2019-09-29 08:00,0.281,0.058,0.058,10.609
2019-09-29 07:00,2019-09-29 09:00,0.803,0.234,0.073,12.906
2019-09-29 08:00,2019-09-29 10:00,1.311,0.435,0.078,15.459
2019-09-29 09:00,2019-09-29 11:00,1.705,0.613,0.080,17.380
2019-09-29 10:00,2019-09-29 12:00,1.944,0.731,0.083,18.793
2019-09-29 11:00,2019-09-29 13:00,2.024,0.772,0.087,19.757
2019-09-29 12:00,2019-09-29 14:00,1.860,0.679,0.101,20.216
2019-09-29 13:00,2019-09-29 15:00,1.774,0.653,0.085,20.386
2019-09-29 14:00,2019-09-29 16:00,1.430,0.497,0.081,19.977
2019-09-29 15:00,2019-09-29 17:00,0.690,0.186,0.087,18.534
2019-09-29 16:00,2019-09-29 18:00,0.135,0.032,0.032,16.401
2019-09-29 17:00,2019-09-29 19:00,0,-0,0,14.932
2019-09-29 18:00,2019-09-29 20:00,0,0,0,14.441
2019-09-29 19:00,2019-09-29 21:00,0,0,0,13.980
2019-09-29 20:00,2019-09-29 22:00,0,0,0,14.249
2019-09-29 21:00,2019-09-29 23:00,0,0,0,14.425
2019-09-29 22:00,2019-09-30 00:00,0,0,0,14.632
2019-09-29 23:00,2019-09-30 01:00,0,0,0,14.674
2019-09-30 00:00,2019-09-30 02:00,0,0,0,14.896
2019-09-30 01:00,2019-09-30 03:00,0,0,0,14.966
2019-09-30 02:00,2019-09-30 04:00,0,0,0,14.738
2019-09-30 03:00,2019-09-30 05:00,0,0,0,14.201
2019-09-30 04:00,2019-09-30 06:00,0,0,0,13.549
2019-09-30 05:00,2019-09-30 07:00,0.004,0,0.008,12.899
2019-09-30 06:00,2019-09-30 08:00,0.244,0.039,0.065,12.729
2019-09-30 07:00,2019-09-30 09:00,0.698,0.177,0.092,13.074
2019-09-30 08:00,2019-09-30 10:00,1.285,0.414,0.084,13.802
2019-09-30 09:00,2019-09-30 11:00,1.688,0.588,0.086,14.614
2019-09-30 10:00,2019-09-30 12:00,1.939,0.706,0.088,15.311
2019-09-30 11:00,2019-09-30 13:00,2.057,0.768,0.087,15.892
2019-09-30 12:00,2019-09-30 14:00,1.958,0.714,0.093,16.172
2019-09-30 13:00,2019-09-30 15:00,1.737,0.610,0.093,16.169
2019-09-30 14:00,2019-09-30 16:00,1.447,0.493,0.080,15.925
2019-09-30 15:00,2019-09-30 17:00,0.930,0.292,0.067,15.226
2019-09-30 16:00,2019-09-30 18:00,0.321,0.101,0.031,13.269
2019-09-30 17:00,2019-09-30 19:00,0,-0,0,10.559
2019-09-30 18:00,2019-09-30 20:00,0,0,0,9.767
2019-09-30 19:00,2019-09-30 21:00,0,0,0,9.241
2019-09-30 20:00,2019-09-30 22:00,0,0,0,8.796
2019-09-30 21:00,2019-09-30 23:00,0,0,0,8.424
2019-09-30 22:00,2019-10-01 00:00,0,0,0,8.316
2019-09-30 23:00,2019-10-01 01:00,0,0,0,8.420
2019-10-01 00:00,2019-10-01 02:00,0,0,0,8.555
2019-10-01 01:00,2019-10-01 03:00,0,0,0,8.473
2019-10-01 02:00,2019-10-01 04:00,0,0,0,8.201
2019-10-01 03:00,2019-10-01 05:00,0,0,0,7.705
2019-10-01 04:00,2019-10-01 06:00,0,0,0,7.365
2019-10-01 05:00,2019-10-01 07:00,0.006,0,0.009,7.632
2019-10-01 06:00,2019-10-01 08:00,0.284,0.065,0.051,10.365
2019-10-01 07:00,2019-10-01 09:00,0.806,0.239,0.069,12.595
2019-10-01 08:00,2019-10-01 10:00,1.279,0.418,0.081,15.142
2019-10-01 09:00,2019-10-01 11:00,1.637,0.572,0.090,17.627
2019-10-01 10:00,2019-10-01 12:00,1.753,0.609,0.113,18.985
2019-10-01 11:00,2019-10-01 13:00,1.657,0.534,0.145,19.577
2019-10-01 12:00,2019-10-01 14:00,1.483,0.440,0.161,19.682
2019-10-01 13:00,2019-10-01 15:00,1.326,0.387,0.144,19.484
2019-10-01 14:00,2019-10-01 16:00,1.256,0.401,0.100,19.182
2019-10-01 15:00,2019-10-01 17:00,0.904,0.287,0.068,18.614
2019-10-01 16:00,2019-10-01 18:00,0.273,0.086,0.030,16.315
2019-10-01 17:00,2019-10-01 19:00,0,-0,0,14.906
2019-10-01 18:00,2019-10-01 20:00,0,0,0,14.768
2019-10-01 19:00,2019-10-01 21:00,0,0,0,14.316
2019-10-01 20:00,2019-10-01 22:00,0,0,0,13.800
2019-10-01 21:00,2019-10-01 23:00,0,0,0,13.259
2019-10-01 22:00,2019-10-02 00:00,0,0,0,12.920
2019-10-01 23:00,2019-10-02 01:00,0,0,0,12.620
2019-10-02 00:00,2019-10-02 02:00,0,0,0,12.504
2019-10-02 01:00,2019-10-02 03:00,0,0,0,12.347
2019-10-02 02:00,2019-10-02 04:00,0,0,0,12.066
2019-10-02 03:00,2019-10-02 05:00,0,0,0,11.787
2019-10-02 04:00,2019-10-02 06:00,0,0,0,11.456
2019-10-02 05:00,2019-10-02 07:00,0,0,0.003,11.208
2019-10-02 06:00,2019-10-02 08:00,0.049,0.001,0.029,11.261
2019-10-02 07:00,2019-10-02 09:00,0.150,0.002,0.067,11.487
2019-10-02 08:00,2019-10-02 10:00,0.279,0.005,0.110,11.853
2019-10-02 09:00,2019-10-02 11:00,0.412,0.010,0.154,12.217
2019-10-02 10:00,2019-10-02 12:00,0.521,0.016,0.187,12.614
2019-10-02 11:00,2019-10-02 13:00,0.532,0.017,0.191,13.012
2019-10-02 12:00,2019-10-02 14:00,0.403,0.010,0.151,13.115
2019-10-02 13:00,2019-10-02 15:00,0.322,0.008,0.124,12.957
2019-10-02 14:00,2019-10-02 16:00,0.237,0.006,0.095,12.358
2019-10-02 15:00,2019-10-02 17:00,0.093,0.002,0.045,10.931
2019-10-02 16:00,2019-10-02 18:00,0.012,0.001,0.012,8.918
2019-10-02 17:00,2019-10-02 19:00,0,-0,0,7.014
2019-10-02 18:00,2019-10-02 20:00,0,0,0,6.083
2019-10-02 19:00,2019-10-02 21:00,0,0,0,5.758
2019-10-02 20:00,2019-10-02 22:00,0,0,0,5.590
2019-10-02 21:00,2019-10-02 23:00,0,0,0,5.293
2019-10-02 22:00,2019-10-03 00:00,0,0,0,4.961
2019-10-02 23:00,2019-10-03 01:00,0,0,0,4.596
2019-10-03 00:00,2019-10-03 02:00,0,0,0,4.242
2019-10-03 01:00,2019-10-03 03:00,0,0,0,3.912
2019-10-03 02:00,2019-10-03 04:00,0,0,0,3.734
2019-10-03 03:00,2019-10-03 05:00,0,0,0,3.589
2019-10-03 04:00,2019-10-03 06:00,0,0,0,3.510
2019-10-03 05:00,2019-10-03 07:00,0.002,0,0.006,3.389
2019-10-03 06:00,2019-10-03 08:00,0.212,0.028,0.060,4.182
2019-10-03 07:00,2019-10-03 09:00,0.780,0.211,0.077,5.757
2019-10-03 08:00,2019-10-03 10:00,1.298,0.403,0.083,7.553
2019-10-03 09:00,2019-10-03 11:00,1.647,0.538,0.096,8.910
2019-10-03 10:00,2019-10-03 12:00,1.847,0.619,0.106,9.805
2019-10-03 11:00,2019-10-03 13:00,1.973,0.681,0.105,10.411
2019-10-03 12:00,2019-10-03 14:00,1.879,0.634,0.110,10.731
2019-10-03 13:00,2019-10-03 15:00,1.560,0.484,0.119,10.740
2019-10-03 14:00,2019-10-03 16:00,1.135,0.316,0.113,10.499
2019-10-03 15:00,2019-10-03 17:00,0.630,0.156,0.084,9.957
2019-10-03 16:00,2019-10-03 18:00,0.215,0.063,0.028,8.105
2019-10-03 17:00,2019-10-03 19:00,0,0,0,6.795
2019-10-03 18:00,2019-10-03 20:00,0,0,0,6.625
2019-10-03 19:00,2019-10-03 21:00,0,0,0,6.318
2019-10-03 20:00,2019-10-03 22:00,0,0,0,5.634
2019-10-03 21:00,2019-10-03 23:00,0,0,0,4.536
2019-10-03 22:00,2019-10-04 00:00,0,0,0,3.749
2019-10-03 23:00,2019-10-04 01:00,0,0,0,3.625
2019-10-04 00:00,2019-10-04 02:00,0,0,0,3.841
2019-10-04 01:00,2019-10-04 03:00,0,0,0,3.882
2019-10-04 02:00,2019-10-04 04:00,0,0,0,3.550
2019-10-04 03:00,2019-10-04 05:00,0,0,0,3.056
2019-10-04 04:00,2019-10-04 06:00,0,0,0,2.879
2019-10-04 05:00,2019-10-04 07:00,0,0,0.004,3.427
2019-10-04 06:00,2019-10-04 08:00,0.121,0.004,0.052,5.046
2019-10-04 07:00,2019-10-04 09:00,0.325,0.016,0.112,6.643
2019-10-04 08:00,2019-10-04 10:00,0.563,0.041,0.173,8.313
2019-10-04 09:00,2019-10-04 11:00,0.798,0.081,0.220,10.015
2019-10-04 10:00,2019-10-04 12:00,0.974,0.122,0.246,11.053
2019-10-04 11:00,2019-10-04 13:00,1.060,0.149,0.254,11.705
2019-10-04 12:00,2019-10-04 14:00,0.840,0.088,0.231,11.701
2019-10-04 13:00,2019-10-04 15:00,0.553,0.037,0.176,11.175
2019-10-04 14:00,2019-10-04 16:00,0.306,0.014,0.110,10.423
2019-10-04 15:00,2019-10-04 17:00,0.125,0.005,0.053,9.787
2019-10-04 16:00,2019-10-04 18:00,0.015,0.002,0.013,9.254
2019-10-04 17:00,2019-10-04 19:00,0,0,0,8.988
2019-10-04 18:00,2019-10-04 20:00,0,0,0,8.899
2019-10-04 19:00,2019-10-04 21:00,0,0,0,8.757
2019-10-04 20:00,2019-10-04 22:00,0,0,0,8.623
2019-10-04 21:00,2019-10-04 23:00,0,0,0,8.569
2019-10-04 22:00,2019-10-05 00:00,0,0,0,8.496
2019-10-04 23:00,2019-10-05 01:00,0,0,0,8.400
2019-10-05 00:00,2019-10-05 02:00,0,0,0,8.348
2019-10-05 01:00,2019-10-05 03:00,0,0,0,8.351
2019-10-05 02:00,2019-10-05 04:00,0,0,0,8.431
2019-10-05 03:00,2019-10-05 05:00,0,0,0,8.443
2019-10-05 04:00,2019-10-05 06:00,0,0,0,8.351
2019-10-05 05:00,2019-10-05 07:00,0,0,0.002,8.298
2019-10-05 06:00,2019-10-05 08:00,0.065,0.001,0.034,8.539
2019-10-05 07:00,2019-10-05 09:00,0.197,0.005,0.080,9.089
2019-10-05 08:00,2019-10-05 10:00,0.426,0.018,0.148,9.739
2019-10-05 09:00,2019-10-05 11:00,0.580,0.031,0.191,10.046
2019-10-05 10:00,2019-10-05 12:00,0.542,0.023,0.185,9.956
2019-10-05 11:00,2019-10-05 13:00,0.783,0.061,0.235,10.064
2019-10-05 12:00,2019-10-05 14:00,0.828,0.083,0.230,10.113
2019-10-05 13:00,2019-10-05 15:00,0.747,0.083,0.200,10.059
2019-10-05 14:00,2019-10-05 16:00,0.604,0.075,0.155,9.885
2019-10-05 15:00,2019-10-05 17:00,0.302,0.034,0.089,9.423
2019-10-05 16:00,2019-10-05 18:00,0.044,0.007,0.020,8.079
2019-10-05 17:00,2019-10-05 19:00,0,0,0,6.964
2019-10-05 18:00,2019-10-05 20:00,0,0,0,6.516
2019-10-05 19:00,2019-10-05 21:00,0,0,0,5.986
2019-10-05 20:00,2019-10-05 22:00,0,0,0,5.432
2019-10-05 21:00,2019-10-05 23:00,0,0,0,5.030
2019-10-05 22:00,2019-10-06 00:00,0,0,0,4.507
2019-10-05 23:00,2019-10-06 01:00,0,0,0,4.024
2019-10-06 00:00,2019-10-06 02:00,0,0,0,3.674
2019-10-06 01:00,2019-10-06 03:00,0,0,0,3.248
2019-10-06 02:00,2019-10-06 04:00,0,0,0,3.214
2019-10-06 03:00,2019-10-06 05:00,0,0,0,3.418
2019-10-06 04:00,2019-10-06 06:00,0,0,0,3.632
2019-10-06 05:00,2019-10-06 07:00,0,0,0.004,3.787
2019-10-06 06:00,2019-10-06 08:00,0.141,0.007,0.056,4.897
2019-10-06 07:00,2019-10-06 09:00,0.418,0.038,0.124,6.519
2019-10-06 08:00,2019-10-06 10:00,0.776,0.111,0.181,9.501
2019-10-06 09:00,2019-10-06 11:00,0.933,0.130,0.222,10.529
2019-10-06 10:00,2019-10-06 12:00,0.735,0.056,0.223,10.970
2019-10-06 11:00,2019-10-06 13:00,0.563,0.026,0.190,10.984
2019-10-06 12:00,2019-10-06 14:00,0.463,0.018,0.163,10.746
2019-10-06 13:00,2019-10-06 15:00,0.443,0.021,0.152,10.464
2019-10-06 14:00,2019-10-06 16:00,0.347,0.020,0.119,10.053
2019-10-06 15:00,2019-10-06 17:00,0.151,0.008,0.060,9.427
2019-10-06 16:00,2019-10-06 18:00,0.020,0.002,0.014,8.294
2019-10-06 17:00,2019-10-06 19:00,0,0,0,7.358
2019-10-06 18:00,2019-10-06 20:00,0,0,0,7.179
2019-10-06 19:00,2019-10-06 21:00,0,0,0,7.210
2019-10-06 20:00,2019-10-06 22:00,0,0,0,7.282
2019-10-06 21:00,2019-10-06 23:00,0,0,0,7.366
2019-10-06 22:00,2019-10-07 00:00,0,0,0,7.357
2019-10-06 23:00,2019-10-07 01:00,0,0,0,7.201
2019-10-07 00:00,2019-10-07 02:00,0,0,0,7.047
2019-10-07 01:00,2019-10-07 03:00,0,0,0,6.848
2019-10-07 02:00,2019-10-07 04:00,0,0,0,6.592
2019-10-07 03:00,2019-10-07 05:00,0,0,0,6.273
2019-10-07 04:00,2019-10-07 06:00,0,0,0,5.961
2019-10-07 05:00,2019-10-07 07:00,0,0,0.001,5.715
2019-10-07 06:00,2019-10-07 08:00,0.035,0,0.023,5.701
2019-10-07 07:00,2019-10-07 09:00,0.192,0.004,0.078,6.148
2019-10-07 08:00,2019-10-07 10:00,0.361,0.012,0.130,6.929
2019-10-07 09:00,2019-10-07 11:00,0.540,0.025,0.180,7.722
2019-10-07 10:00,2019-10-07 12:00,0.640,0.035,0.207,8.351
2019-10-07 11:00,2019-10-07 13:00,0.731,0.051,0.224,8.976
2019-10-07 12:00,2019-10-07 14:00,0.838,0.085,0.230,9.576
2019-10-07 13:00,2019-10-07 15:00,0.754,0.085,0.200,9.880
2019-10-07 14:00,2019-10-07 16:00,0.491,0.046,0.144,9.774
2019-10-07 15:00,2019-10-07 17:00,0.175,0.011,0.066,9.276
2019-10-07 16:00,2019-10-07 18:00,0.023,0.003,0.015,8.306
2019-10-07 17:00,2019-10-07 19:00,0,0,0,7.415
2019-10-07 18:00,2019-10-07 20:00,0,0,0,6.497
2019-10-07 19:00,2019-10-07 21:00,0,0,0,5.423
2019-10-07 20:00,2019-10-07 22:00,0,0,0,4.676
2019-10-07 21:00,2019-10-07 23:00,0,0,0,4.549
2019-10-07 22:00,2019-10-08 00:00,0,0,0,4.725
2019-10-07 23:00,2019-10-08 01:00,0,0,0,4.471
2019-10-08 00:00,2019-10-08 02:00,0,0,0,4.412
2019-10-08 01:00,2019-10-08 03:00,0,0,0,4.449
2019-10-08 02:00,2019-10-08 04:00,0,0,0,4.497
2019-10-08 03:00,2019-10-08 05:00,0,0,0,4.219
2019-10-08 04:00,2019-10-08 06:00,0,0,0,4.124
2019-10-08 05:00,2019-10-08 07:00,0,0,0.004,4.194
2019-10-08 06:00,2019-10-08 08:00,0.193,0.025,0.058,6.117
2019-10-08 07:00,2019-10-08 09:00,0.532,0.087,0.116,8.049
2019-10-08 08:00,2019-10-08 10:00,0.741,0.112,0.169,10.168
2019-10-08 09:00,2019-10-08 11:00,0.830,0.108,0.208,12.223
2019-10-08 10:00,2019-10-08 12:00,0.781,0.078,0.222,13.361
2019-10-08 11:00,2019-10-08 13:00,0.752,0.070,0.220,14.053
2019-10-08 12:00,2019-10-08 14:00,0.770,0.083,0.215,14.617
2019-10-08 13:00,2019-10-08 15:00,0.666,0.075,0.184,14.924
2019-10-08 14:00,2019-10-08 16:00,0.471,0.051,0.136,14.838
2019-10-08 15:00,2019-10-08 17:00,0.240,0.027,0.075,14.196
2019-10-08 16:00,2019-10-08 18:00,0.038,0.008,0.017,12.999
2019-10-08 17:00,2019-10-08 19:00,0,0,0,12.283
2019-10-08 18:00,2019-10-08 20:00,0,0,0,11.807
2019-10-08 19:00,2019-10-08 21:00,0,0,0,11.599
2019-10-08 20:00,2019-10-08 22:00,0,0,0,11.487
2019-10-08 21:00,2019-10-08 23:00,0,0,0,11.750
2019-10-08 22:00,2019-10-09 00:00,0,0,0,11.788
2019-10-08 23:00,2019-10-09 01:00,0,0,0,12.131
2019-10-09 00:00,2019-10-09 02:00,0,0,0,12.160
2019-10-09 01:00,2019-10-09 03:00,0,0,0,12.061
2019-10-09 02:00,2019-10-09 04:00,0,0,0,11.762
2019-10-09 03:00,2019-10-09 05:00,0,0,0,11.291
2019-10-09 04:00,2019-10-09 06:00,0,0,0,10.739
2019-10-09 05:00,2019-10-09 07:00,0,0,0.001,10.219
2019-10-09 06:00,2019-10-09 08:00,0.053,0.001,0.030,10.490
2019-10-09 07:00,2019-10-09 09:00,0.232,0.008,0.091,10.973
2019-10-09 08:00,2019-10-09 10:00,0.441,0.021,0.152,11.656
2019-10-09 09:00,2019-10-09 11:00,0.440,0.015,0.158,12.101
2019-10-09 10:00,2019-10-09 12:00,0.419,0.012,0.154,12.157
2019-10-09 11:00,2019-10-09 13:00,0.432,0.013,0.158,11.950
2019-10-09 12:00,2019-10-09 14:00,0.469,0.018,0.166,11.730
2019-10-09 13:00,2019-10-09 15:00,0.473,0.024,0.161,11.537
2019-10-09 14:00,2019-10-09 16:00,0.296,0.014,0.107,11.106
2019-10-09 15:00,2019-10-09 17:00,0.158,0.010,0.062,10.486
2019-10-09 16:00,2019-10-09 18:00,0.019,0.003,0.013,9.652
2019-10-09 17:00,2019-10-09 19:00,0,0,0,9.037
2019-10-09 18:00,2019-10-09 20:00,0,0,0,8.770
2019-10-09 19:00,2019-10-09 21:00,0,0,0,8.703
2019-10-09 20:00,2019-10-09 22:00,0,0,0,8.622
2019-10-09 21:00,2019-10-09 23:00,0,0,0,8.455
2019-10-09 22:00,2019-10-10 00:00,0,0,0,8.160
2019-10-09 23:00,2019-10-10 01:00,0,0,0,7.772
2019-10-10 00:00,2019-10-10 02:00,0,0,0,7.613
2019-10-10 01:00,2019-10-10 03:00,0,0,0,7.689
2019-10-10 02:00,2019-10-10 04:00,0,0,0,7.900
2019-10-10 03:00,2019-10-10 05:00,0,0,0,8.004
2019-10-10 04:00,2019-10-10 06:00,0,0,0,8.071
2019-10-10 05:00,2019-10-10 07:00,0,0,0.002,7.977
2019-10-10 06:00,2019-10-10 08:00,0.132,0.011,0.050,8.380
2019-10-10 07:00,2019-10-10 09:00,0.475,0.073,0.111,9.389
2019-10-10 08:00,2019-10-10 10:00,0.859,0.174,0.150,10.459
2019-10-10 09:00,2019-10-10 11:00,1.058,0.215,0.186,11.136
2019-10-10 10:00,2019-10-10 12:00,1.093,0.200,0.215,11.463
2019-10-10 11:00,2019-10-10 13:00,0.981,0.153,0.220,11.629
2019-10-10 12:00,2019-10-10 14:00,1.219,0.268,0.199,11.981
2019-10-10 13:00,2019-10-10 15:00,1.238,0.315,0.160,12.165
2019-10-10 14:00,2019-10-10 16:00,0.815,0.177,0.133,11.905
2019-10-10 15:00,2019-10-10 17:00,0.390,0.075,0.080,11.203
2019-10-10 16:00,2019-10-10 18:00,0.054,0.015,0.017,9.531
2019-10-10 17:00,2019-10-10 19:00,0,0,0,8.212
2019-10-10 18:00,2019-10-10 20:00,0,0,0,7.460
2019-10-10 19:00,2019-10-10 21:00,0,0,0,6.901
2019-10-10 20:00,2019-10-10 22:00,0,0,0,6.587
2019-10-10 21:00,2019-10-10 23:00,0,0,0,6.307
2019-10-10 22:00,2019-10-11 00:00,0,0,0,5.986
2019-10-10 23:00,2019-10-11 01:00,0,0,0,5.827
2019-10-11 00:00,2019-10-11 02:00,0,0,0,5.687
2019-10-11 01:00,2019-10-11 03:00,0,0,0,5.452
2019-10-11 02:00,2019-10-11 04:00,0,0,0,5.109
2019-10-11 03:00,2019-10-11 05:00,0,0,0,4.841
2019-10-11 04:00,2019-10-11 06:00,0,0,0,4.526
2019-10-11 05:00,2019-10-11 07:00,0,0,0.002,4.286
2019-10-11 06:00,2019-10-11 08:00,0.206,0.048,0.039,6.166
2019-10-11 07:00,2019-10-11 09:00,0.761,0.230,0.056,8.867
2019-10-11 08:00,2019-10-11 10:00,1.271,0.420,0.066,11.177
2019-10-11 09:00,2019-10-11 11:00,1.656,0.584,0.072,13.904
2019-10-11 10:00,2019-10-11 12:00,1.852,0.669,0.082,15.177
2019-10-11 11:00,2019-10-11 13:00,1.906,0.691,0.091,16.041
2019-10-11 12:00,2019-10-11 14:00,1.722,0.590,0.106,16.494
2019-10-11 13:00,2019-10-11 15:00,1.491,0.490,0.104,16.633
2019-10-11 14:00,2019-10-11 16:00,1.275,0.422,0.079,16.725
2019-10-11 15:00,2019-10-11 17:00,0.818,0.259,0.057,15.468
2019-10-11 16:00,2019-10-11 18:00,0.107,0.038,0.015,13.365
2019-10-11 17:00,2019-10-11 19:00,0,0,0,12.342
2019-10-11 18:00,2019-10-11 20:00,0,0,0,11.301
2019-10-11 19:00,2019-10-11 21:00,0,0,0,10.146
2019-10-11 20:00,2019-10-11 22:00,0,0,0,9.149
2019-10-11 21:00,2019-10-11 23:00,0,0,0,8.343
2019-10-11 22:00,2019-10-12 00:00,0,0,0,7.772
2019-10-11 23:00,2019-10-12 01:00,0,0,0,7.545
2019-10-12 00:00,2019-10-12 02:00,0,0,0,7.528
2019-10-12 01:00,2019-10-12 03:00,0,0,0,7.414
2019-10-12 02:00,2019-10-12 04:00,0,0,0,7.381
2019-10-12 03:00,2019-10-12 05:00,0,0,0,7.215
2019-10-12 04:00,2019-10-12 06:00,0,0,0,7.102
2019-10-12 05:00,2019-10-12 07:00,0,0,0.002,7.029
2019-10-12 06:00,2019-10-12 08:00,0.197,0.045,0.039,8.798
2019-10-12 07:00,2019-10-12 09:00,0.730,0.219,0.059,11.860
2019-10-12 08:00,2019-10-12 10:00,1.239,0.410,0.069,14.058
2019-10-12 09:00,2019-10-12 11:00,1.619,0.574,0.076,16.490
2019-10-12 10:00,2019-10-12 12:00,1.847,0.685,0.081,18.611
2019-10-12 11:00,2019-10-12 13:00,1.940,0.731,0.085,19.568
2019-10-12 12:00,2019-10-12 14:00,1.620,0.543,0.122,20.253
2019-10-12 13:00,2019-10-12 15:00,0.942,0.217,0.157,20.524
2019-10-12 14:00,2019-10-12 16:00,0.684,0.148,0.124,19.512
2019-10-12 15:00,2019-10-12 17:00,0.436,0.103,0.073,17.384
2019-10-12 16:00,2019-10-12 18:00,0.046,0.015,0.014,15.225
2019-10-12 17:00,2019-10-12 19:00,0,0,0,13.996
2019-10-12 18:00,2019-10-12 20:00,0,0,0,13.269
2019-10-12 19:00,2019-10-12 21:00,0,0,0,12.945
2019-10-12 20:00,2019-10-12 22:00,0,0,0,12.741
2019-10-12 21:00,2019-10-12 23:00,0,0,0,12.221
2019-10-12 22:00,2019-10-13 00:00,0,0,0,11.294
2019-10-12 23:00,2019-10-13 01:00,0,0,0,10.630
2019-10-13 00:00,2019-10-13 02:00,0,0,0,10.422
2019-10-13 01:00,2019-10-13 03:00,0,0,0,10.301
2019-10-13 02:00,2019-10-13 04:00,0,0,0,10.119
2019-10-13 03:00,2019-10-13 05:00,0,0,0,9.991
2019-10-13 04:00,2019-10-13 06:00,0,0,0,9.912
2019-10-13 05:00,2019-10-13 07:00,0,0,0.001,9.796
2019-10-13 06:00,2019-10-13 08:00,0.151,0.027,0.042,11.104
2019-10-13 07:00,2019-10-13 09:00,0.639,0.177,0.070,13.682
2019-10-13 08:00,2019-10-13 10:00,1.155,0.372,0.077,15.501
2019-10-13 09:00,2019-10-13 11:00,1.552,0.544,0.081,17.727
2019-10-13 10:00,2019-10-13 12:00,1.786,0.657,0.084,19.848
2019-10-13 11:00,2019-10-13 13:00,1.840,0.682,0.091,20.785
2019-10-13 12:00,2019-10-13 14:00,1.774,0.651,0.092,21.291
2019-10-13 13:00,2019-10-13 15:00,1.601,0.577,0.085,21.701
2019-10-13 14:00,2019-10-13 16:00,1.256,0.431,0.076,21.362
2019-10-13 15:00,2019-10-13 17:00,0.756,0.242,0.057,19.762
2019-10-13 16:00,2019-10-13 18:00,0.071,0.027,0.013,17.771
2019-10-13 17:00,2019-10-13 19:00,0,0,0,16.035
2019-10-13 18:00,2019-10-13 20:00,0,0,0,14.305
2019-10-13 19:00,2019-10-13 21:00,0,0,0,13.214
2019-10-13 20:00,2019-10-13 22:00,0,0,0,12.704
2019-10-13 21:00,2019-10-13 23:00,0,0,0,12.458
2019-10-13 22:00,2019-10-14 00:00,0,0,0,12.160
2019-10-13 23:00,2019-10-14 01:00,0,0,0,11.743
2019-10-14 00:00,2019-10-14 02:00,0,0,0,11.351
2019-10-14 01:00,2019-10-14 03:00,0,0,0,10.976
2019-10-14 02:00,2019-10-14 04:00,0,0,0,10.661
2019-10-14 03:00,2019-10-14 05:00,0,0,0,10.490
2019-10-14 04:00,2019-10-14 06:00,0,0,0,10.204
2019-10-14 05:00,2019-10-14 07:00,0,0,0.001,10.059
2019-10-14 06:00,2019-10-14 08:00,0.162,0.034,0.039,11.541
2019-10-14 07:00,2019-10-14 09:00,0.665,0.195,0.063,14.797
2019-10-14 08:00,2019-10-14 10:00,1.171,0.387,0.072,16.895
2019-10-14 09:00,2019-10-14 11:00,1.561,0.555,0.077,18.584
2019-10-14 10:00,2019-10-14 12:00,1.806,0.669,0.081,19.468
2019-10-14 11:00,2019-10-14 13:00,1.897,0.714,0.083,20.125
2019-10-14 12:00,2019-10-14 14:00,1.841,0.688,0.083,20.498
2019-10-14 13:00,2019-10-14 15:00,1.634,0.591,0.082,20.759
2019-10-14 14:00,2019-10-14 16:00,1.108,0.353,0.090,20.922
2019-10-14 15:00,2019-10-14 17:00,0.410,0.101,0.067,19.085
2019-10-14 16:00,2019-10-14 18:00,0.032,0.011,0.011,16.262
2019-10-14 17:00,2019-10-14 19:00,0,0,0,14.974
2019-10-14 18:00,2019-10-14 20:00,0,0,0,14.133
2019-10-14 19:00,2019-10-14 21:00,0,0,0,12.996
2019-10-14 20:00,2019-10-14 22:00,0,0,0,12.221
2019-10-14 21:00,2019-10-14 23:00,0,0,0,11.709
2019-10-14 22:00,2019-10-15 00:00,0,0,0,11.113
2019-10-14 23:00,2019-10-15 01:00,0,0,0,10.568
2019-10-15 00:00,2019-10-15 02:00,0,0,0,10.199
2019-10-15 01:00,2019-10-15 03:00,0,0,0,9.740
2019-10-15 02:00,2019-10-15 04:00,0,0,0,9.195
2019-10-15 03:00,2019-10-15 05:00,0,0,0,8.757
2019-10-15 04:00,2019-10-15 06:00,0,0,0,8.405
2019-10-15 05:00,2019-10-15 07:00,0,0,0.001,8.112
2019-10-15 06:00,2019-10-15 08:00,0.118,0.015,0.041,8.991
2019-10-15 07:00,2019-10-15 09:00,0.473,0.088,0.096,10.903
2019-10-15 08:00,2019-10-15 10:00,0.841,0.189,0.133,12.829
2019-10-15 09:00,2019-10-15 11:00,1.053,0.242,0.165,14.895
2019-10-15 10:00,2019-10-15 12:00,1.173,0.276,0.184,16.847
2019-10-15 11:00,2019-10-15 13:00,1.390,0.387,0.169,18.314
2019-10-15 12:00,2019-10-15 14:00,1.481,0.456,0.142,19.233
2019-10-15 13:00,2019-10-15 15:00,1.420,0.458,0.115,19.657
2019-10-15 14:00,2019-10-15 16:00,1.098,0.339,0.096,19.336
2019-10-15 15:00,2019-10-15 17:00,0.492,0.128,0.069,17.551
2019-10-15 16:00,2019-10-15 18:00,0.017,0.006,0.009,14.721
2019-10-15 17:00,2019-10-15 19:00,0,0,0,13.509
2019-10-15 18:00,2019-10-15 20:00,0,0,0,13.007
2019-10-15 19:00,2019-10-15 21:00,0,0,0,12.712
2019-10-15 20:00,2019-10-15 22:00,0,0,0,11.250
2019-10-15 21:00,2019-10-15 23:00,0,0,0,9.733
2019-10-15 22:00,2019-10-16 00:00,0,0,0,8.927
2019-10-15 23:00,2019-10-16 01:00,0,0,0,8.367
2019-10-16 00:00,2019-10-16 02:00,0,0,0,8.094
2019-10-16 01:00,2019-10-16 03:00,0,0,0,8.151
2019-10-16 02:00,2019-10-16 04:00,0,0,0,8.223
2019-10-16 03:00,2019-10-16 05:00,0,0,0,8.061
2019-10-16 04:00,2019-10-16 06:00,0,0,0,7.562
2019-10-16 05:00,2019-10-16 07:00,0,0,0,6.950
2019-10-16 06:00,2019-10-16 08:00,0.130,0.022,0.037,7.019
2019-10-16 07:00,2019-10-16 09:00,0.637,0.175,0.065,8.320
2019-10-16 08:00,2019-10-16 10:00,1.209,0.390,0.068,10.075
2019-10-16 09:00,2019-10-16 11:00,1.645,0.575,0.069,11.720
2019-10-16 10:00,2019-10-16 12:00,1.917,0.701,0.070,12.924
2019-10-16 11:00,2019-10-16 13:00,2.027,0.758,0.071,13.809
2019-10-16 12:00,2019-10-16 14:00,1.979,0.738,0.070,14.387
2019-10-16 13:00,2019-10-16 15:00,1.775,0.646,0.068,14.620
2019-10-16 14:00,2019-10-16 16:00,1.361,0.466,0.066,14.395
2019-10-16 15:00,2019-10-16 17:00,0.742,0.232,0.054,13.573
2019-10-16 16:00,2019-10-16 18:00,0.052,0.021,0.010,11.441
2019-10-16 17:00,2019-10-16 19:00,0,0,0,9.984
2019-10-16 18:00,2019-10-16 20:00,0,0,0,8.687
2019-10-16 19:00,2019-10-16 21:00,0,0,0,7.779
2019-10-16 20:00,2019-10-16 22:00,0,0,0,7.674
2019-10-16 21:00,2019-10-16 23:00,0,0,0,7.931
2019-10-16 22:00,2019-10-17 00:00,0,0,0,7.881
2019-10-16 23:00,2019-10-17 01:00,0,0,0,7.549
2019-10-17 00:00,2019-10-17 02:00,0,0,0,7.057
2019-10-17 01:00,2019-10-17 03:00,0,0,0,6.675
2019-10-17 02:00,2019-10-17 04:00,0,0,0,6.772
2019-10-17 03:00,2019-10-17 05:00,0,0,0,6.826
2019-10-17 04:00,2019-10-17 06:00,0,0,0,6.599
2019-10-17 05:00,2019-10-17 07:00,0,0,0,6.277
2019-10-17 06:00,2019-10-17 08:00,0.116,0.017,0.038,7.339
2019-10-17 07:00,2019-10-17 09:00,0.486,0.102,0.086,10.111
2019-10-17 08:00,2019-10-17 10:00,1.104,0.334,0.087,12.352
2019-10-17 09:00,2019-10-17 11:00,1.517,0.508,0.091,14.810
2019-10-17 10:00,2019-10-17 12:00,1.547,0.495,0.122,16.061
2019-10-17 11:00,2019-10-17 13:00,1.769,0.610,0.110,16.746
2019-10-17 12:00,2019-10-17 14:00,1.602,0.524,0.121,16.948
2019-10-17 13:00,2019-10-17 15:00,1.334,0.406,0.121,16.820
2019-10-17 14:00,2019-10-17 16:00,0.798,0.197,0.113,16.121
2019-10-17 15:00,2019-10-17 17:00,0.276,0.054,0.062,14.510
2019-10-17 16:00,2019-10-17 18:00,0.014,0.006,0.008,12.159
2019-10-17 17:00,2019-10-17 19:00,0,0,0,11.436
2019-10-17 18:00,2019-10-17 20:00,0,0,0,11.696
2019-10-17 19:00,2019-10-17 21:00,0,0,0,11.792
2019-10-17 20:00,2019-10-17 22:00,0,0,0,11.201
2019-10-17 21:00,2019-10-17 23:00,0,0,0,10.057
2019-10-17 22:00,2019-10-18 00:00,0,0,0,8.935
2019-10-17 23:00,2019-10-18 01:00,0,0,0,8.295
2019-10-18 00:00,2019-10-18 02:00,0,0,0,8.071
2019-10-18 01:00,2019-10-18 03:00,0,0,0,8.104
2019-10-18 02:00,2019-10-18 04:00,0,0,0,8.154
2019-10-18 03:00,2019-10-18 05:00,0,0,0,7.960
2019-10-18 04:00,2019-10-18 06:00,0,0,0,7.419
2019-10-18 05:00,2019-10-18 07:00,0,0,0,7.386
2019-10-18 06:00,2019-10-18 08:00,0.104,0.014,0.037,8.557
2019-10-18 07:00,2019-10-18 09:00,0.498,0.106,0.088,11.472
2019-10-18 08:00,2019-10-18 10:00,0.939,0.245,0.115,13.331
2019-10-18 09:00,2019-10-18 11:00,1.223,0.338,0.139,15.465
2019-10-18 10:00,2019-10-18 12:00,1.307,0.353,0.163,16.755
2019-10-18 11:00,2019-10-18 13:00,1.590,0.503,0.139,17.707
2019-10-18 12:00,2019-10-18 14:00,1.697,0.575,0.117,18.219
2019-10-18 13:00,2019-10-18 15:00,1.027,0.247,0.156,17.777
2019-10-18 14:00,2019-10-18 16:00,0.281,0.024,0.095,16.216
2019-10-18 15:00,2019-10-18 17:00,0.067,0.005,0.032,14.564
2019-10-18 16:00,2019-10-18 18:00,0.002,0.001,0.005,12.906
2019-10-18 17:00,2019-10-18 19:00,0,0,0,11.446
2019-10-18 18:00,2019-10-18 20:00,0,0,0,11.000
2019-10-18 19:00,2019-10-18 21:00,0,0,0,11.049
2019-10-18 20:00,2019-10-18 22:00,0,0,0,11.334
2019-10-18 21:00,2019-10-18 23:00,0,0,0,11.071
2019-10-18 22:00,2019-10-19 00:00,0,0,0,10.017
2019-10-18 23:00,2019-10-19 01:00,0,0,0,8.960
2019-10-19 00:00,2019-10-19 02:00,0,0,0,8.391
2019-10-19 01:00,2019-10-19 03:00,0,0,0,7.988
2019-10-19 02:00,2019-10-19 04:00,0,0,0,7.751
2019-10-19 03:00,2019-10-19 05:00,0,0,0,7.548
2019-10-19 04:00,2019-10-19 06:00,0,0,0,7.367
2019-10-19 05:00,2019-10-19 07:00,0,0,0,7.133
2019-10-19 06:00,2019-10-19 08:00,0.095,0.012,0.035,7.926
2019-10-19 07:00,2019-10-19 09:00,0.378,0.052,0.098,9.719
2019-10-19 08:00,2019-10-19 10:00,0.327,0.018,0.114,10.701
2019-10-19 09:00,2019-10-19 11:00,0.402,0.021,0.139,11.537
2019-10-19 10:00,2019-10-19 12:00,0.701,0.072,0.198,13.119
2019-10-19 11:00,2019-10-19 13:00,0.900,0.140,0.207,14.686
2019-10-19 12:00,2019-10-19 14:00,1.225,0.304,0.174,15.622
2019-10-19 13:00,2019-10-19 15:00,1.509,0.491,0.108,16.061
2019-10-19 14:00,2019-10-19 16:00,1.168,0.367,0.089,15.662
2019-10-19 15:00,2019-10-19 17:00,0.549,0.153,0.062,14.088
2019-10-19 16:00,2019-10-19 18:00,0.017,0.008,0.007,11.754
2019-10-19 17:00,2019-10-19 19:00,0,0,0,11.021
2019-10-19 18:00,2019-10-19 20:00,0,0,0,10.435
2019-10-19 19:00,2019-10-19 21:00,0,0,0,10.034
2019-10-19 20:00,2019-10-19 22:00,0,0,0,9.812
2019-10-19 21:00,2019-10-19 23:00,0,0,0,9.836
2019-10-19 22:00,2019-10-20 00:00,0,0,0,9.641
2019-10-19 23:00,2019-10-20 01:00,0,0,0,9.811
2019-10-20 00:00,2019-10-20 02:00,0,0,0,10.050
2019-10-20 01:00,2019-10-20 03:00,0,0,0,10.128
2019-10-20 02:00,2019-10-20 04:00,0,0,0,9.928
2019-10-20 03:00,2019-10-20 05:00,0,0,0,9.125
2019-10-20 04:00,2019-10-20 06:00,0,0,0,8.369
2019-10-20 05:00,2019-10-20 07:00,0,0,0,7.923
2019-10-20 06:00,2019-10-20 08:00,0.089,0.014,0.031,8.639
2019-10-20 07:00,2019-10-20 09:00,0.510,0.123,0.075,10.821
2019-10-20 08:00,2019-10-20 10:00,1.079,0.333,0.080,12.865
2019-10-20 09:00,2019-10-20 11:00,1.525,0.527,0.078,15.553
2019-10-20 10:00,2019-10-20 12:00,1.780,0.650,0.079,17.859
2019-10-20 11:00,2019-10-20 13:00,1.872,0.700,0.081,19.289
2019-10-20 12:00,2019-10-20 14:00,1.787,0.659,0.084,19.996
2019-10-20 13:00,2019-10-20 15:00,1.528,0.536,0.087,20.023
2019-10-20 14:00,2019-10-20 16:00,1.078,0.342,0.084,19.159
2019-10-20 15:00,2019-10-20 17:00,0.454,0.125,0.057,16.745
2019-10-20 16:00,2019-10-20 18:00,0.009,0.006,0.006,13.907
2019-10-20 17:00,2019-10-20 19:00,0,0,0,13.413
2019-10-20 18:00,2019-10-20 20:00,0,0,0,13.047
2019-10-20 19:00,2019-10-20 21:00,0,0,0,12.715
2019-10-20 20:00,2019-10-20 22:00,0,0,0,12.412
2019-10-20 21:00,2019-10-20 23:00,0,0,0,11.942
2019-10-20 22:00,2019-10-21 00:00,0,0,0,11.494
2019-10-20 23:00,2019-10-21 01:00,0,0,0,11.386
2019-10-21 00:00,2019-10-21 02:00,0,0,0,11.355
2019-10-21 01:00,2019-10-21 03:00,0,0,0,11.228
2019-10-21 02:00,2019-10-21 04:00,0,0,0,11.129
2019-10-21 03:00,2019-10-21 05:00,0,0,0,10.953
2019-10-21 04:00,2019-10-21 06:00,0,0,0,10.624
2019-10-21 05:00,2019-10-21 07:00,0,0,0,10.026
2019-10-21 06:00,2019-10-21 08:00,0.068,0.007,0.030,10.088
2019-10-21 07:00,2019-10-21 09:00,0.423,0.079,0.088,12.044
2019-10-21 08:00,2019-10-21 10:00,0.858,0.211,0.118,13.702
2019-10-21 09:00,2019-10-21 11:00,1.273,0.373,0.126,15.753
2019-10-21 10:00,2019-10-21 12:00,1.441,0.435,0.140,17.393
2019-10-21 11:00,2019-10-21 13:00,1.533,0.476,0.142,18.289
2019-10-21 12:00,2019-10-21 14:00,1.343,0.380,0.156,18.428
2019-10-21 13:00,2019-10-21 15:00,0.831,0.167,0.160,18.190
2019-10-21 14:00,2019-10-21 16:00,0.337,0.038,0.102,17.001
2019-10-21 15:00,2019-10-21 17:00,0.091,0.009,0.038,15.402
2019-10-21 16:00,2019-10-21 18:00,0,0.001,0.004,13.391
2019-10-21 17:00,2019-10-21 19:00,0,0,0,12.438
2019-10-21 18:00,2019-10-21 20:00,0,0,0,11.857
2019-10-21 19:00,2019-10-21 21:00,0,0,0,11.277
2019-10-21 20:00,2019-10-21 22:00,0,0,0,10.899
2019-10-21 21:00,2019-10-21 23:00,0,0,0,10.734
2019-10-21 22:00,2019-10-22 00:00,0,0,0,10.458
2019-10-21 23:00,2019-10-22 01:00,0,0,0,9.936
2019-10-22 00:00,2019-10-22 02:00,0,0,0,9.395
2019-10-22 01:00,2019-10-22 03:00,0,0,0,9.013
2019-10-22 02:00,2019-10-22 04:00,0,0,0,8.807
2019-10-22 03:00,2019-10-22 05:00,0,0,0,8.605
2019-10-22 04:00,2019-10-22 06:00,0,0,0,8.562
2019-10-22 05:00,2019-10-22 07:00,0,0,0,8.358
2019-10-22 06:00,2019-10-22 08:00,0.044,0.003,0.024,8.585
2019-10-22 07:00,2019-10-22 09:00,0.288,0.032,0.086,9.799
2019-10-22 08:00,2019-10-22 10:00,0.643,0.110,0.136,11.417
2019-10-22 09:00,2019-10-22 11:00,1.086,0.267,0.150,13.555
2019-10-22 10:00,2019-10-22 12:00,1.458,0.437,0.138,15.144
2019-10-22 11:00,2019-10-22 13:00,1.674,0.553,0.121,16.245
2019-10-22 12:00,2019-10-22 14:00,1.589,0.516,0.121,16.611
2019-10-22 13:00,2019-10-22 15:00,1.292,0.385,0.123,16.364
2019-10-22 14:00,2019-10-22 16:00,0.681,0.153,0.112,15.523
2019-10-22 15:00,2019-10-22 17:00,0.186,0.032,0.051,14.060
2019-10-22 16:00,2019-10-22 18:00,0,0.001,0.003,11.979
2019-10-22 17:00,2019-10-22 19:00,0,0,0,11.390
2019-10-22 18:00,2019-10-22 20:00,0,0,0,11.040
2019-10-22 19:00,2019-10-22 21:00,0,0,0,10.586
2019-10-22 20:00,2019-10-22 22:00,0,0,0,10.234
2019-10-22 21:00,2019-10-22 23:00,0,0,0,10.077
2019-10-22 22:00,2019-10-23 00:00,0,0,0,9.794
2019-10-22 23:00,2019-10-23 01:00,0,0,0,9.674
2019-10-23 00:00,2019-10-23 02:00,0,0,0,9.542
2019-10-23 01:00,2019-10-23 03:00,0,0,0,9.202
2019-10-23 02:00,2019-10-23 04:00,0,0,0,8.781
2019-10-23 03:00,2019-10-23 05:00,0,0,0,8.470
2019-10-23 04:00,2019-10-23 06:00,0,0,0,8.286
2019-10-23 05:00,2019-10-23 07:00,0,0,0,8.169
2019-10-23 06:00,2019-10-23 08:00,0.054,0.007,0.024,8.442
2019-10-23 07:00,2019-10-23 09:00,0.333,0.054,0.080,9.688
2019-10-23 08:00,2019-10-23 10:00,0.860,0.223,0.103,11.485
2019-10-23 09:00,2019-10-23 11:00,1.431,0.473,0.086,13.829
2019-10-23 10:00,2019-10-23 12:00,1.760,0.634,0.078,15.911
2019-10-23 11:00,2019-10-23 13:00,1.882,0.699,0.076,17.195
2019-10-23 12:00,2019-10-23 14:00,1.812,0.669,0.077,17.914
2019-10-23 13:00,2019-10-23 15:00,1.631,0.593,0.070,18.438
2019-10-23 14:00,2019-10-23 16:00,1.309,0.462,0.059,18.571
2019-10-23 15:00,2019-10-23 17:00,0.771,0.257,0.043,16.118
2019-10-23 16:00,2019-10-23 18:00,0.011,0.008,0.004,12.258
2019-10-23 17:00,2019-10-23 19:00,0,0,0,11.584
2019-10-23 18:00,2019-10-23 20:00,0,0,0,11.500
2019-10-23 19:00,2019-10-23 21:00,0,0,0,11.482
2019-10-23 20:00,2019-10-23 22:00,0,0,0,10.998
2019-10-23 21:00,2019-10-23 23:00,0,0,0,10.398
2019-10-23 22:00,2019-10-24 00:00,0,0,0,9.951
2019-10-23 23:00,2019-10-24 01:00,0,0,0,9.339
2019-10-24 00:00,2019-10-24 02:00,0,0,0,8.914
2019-10-24 01:00,2019-10-24 03:00,0,0,0,8.834
2019-10-24 02:00,2019-10-24 04:00,0,0,0,8.808
2019-10-24 03:00,2019-10-24 05:00,0,0,0,8.830
2019-10-24 04:00,2019-10-24 06:00,0,0,0,8.504
2019-10-24 05:00,2019-10-24 07:00,0,0,0,8.209
2019-10-24 06:00,2019-10-24 08:00,0.043,0.005,0.021,8.462
2019-10-24 07:00,2019-10-24 09:00,0.363,0.065,0.080,10.398
2019-10-24 08:00,2019-10-24 10:00,0.888,0.239,0.100,12.278
2019-10-24 09:00,2019-10-24 11:00,1.378,0.445,0.094,14.590
2019-10-24 10:00,2019-10-24 12:00,1.641,0.565,0.095,16.375
2019-10-24 11:00,2019-10-24 13:00,1.739,0.613,0.095,17.357
2019-10-24 12:00,2019-10-24 14:00,1.732,0.618,0.089,17.784
2019-10-24 13:00,2019-10-24 15:00,1.478,0.503,0.089,17.611
2019-10-24 14:00,2019-10-24 16:00,1.007,0.309,0.084,16.770
2019-10-24 15:00,2019-10-24 17:00,0.446,0.127,0.051,14.641
2019-10-24 16:00,2019-10-24 18:00,0.002,0.003,0.003,11.892
2019-10-24 17:00,2019-10-24 19:00,0,0,0,11.060
2019-10-24 18:00,2019-10-24 20:00,0,0,0,10.418
2019-10-24 19:00,2019-10-24 21:00,0,0,0,10.109
2019-10-24 20:00,2019-10-24 22:00,0,0,0,10.003
2019-10-24 21:00,2019-10-24 23:00,0,0,0,10.073
2019-10-24 22:00,2019-10-25 00:00,0,0,0,10.135
2019-10-24 23:00,2019-10-25 01:00,0,0,0,9.954
2019-10-25 00:00,2019-10-25 02:00,0,0,0,9.650
2019-10-25 01:00,2019-10-25 03:00,0,0,0,9.731
2019-10-25 02:00,2019-10-25 04:00,0,0,0,9.967
2019-10-25 03:00,2019-10-25 05:00,0,0,0,10.168
2019-10-25 04:00,2019-10-25 06:00,0,0,0,10.108
2019-10-25 05:00,2019-10-25 07:00,0,0,0,10.085
2019-10-25 06:00,2019-10-25 08:00,0.012,0.001,0.012,10.081
2019-10-25 07:00,2019-10-25 09:00,0.203,0.015,0.073,11.199
2019-10-25 08:00,2019-10-25 10:00,0.681,0.130,0.132,12.624
2019-10-25 09:00,2019-10-25 11:00,1.187,0.323,0.137,14.312
2019-10-25 10:00,2019-10-25 12:00,1.123,0.258,0.178,15.238
2019-10-25 11:00,2019-10-25 13:00,0.854,0.136,0.195,15.417
2019-10-25 12:00,2019-10-25 14:00,0.831,0.138,0.184,15.557
2019-10-25 13:00,2019-10-25 15:00,0.815,0.161,0.155,15.636
2019-10-25 14:00,2019-10-25 16:00,0.559,0.110,0.110,15.372
2019-10-25 15:00,2019-10-25 17:00,0.235,0.050,0.051,14.363
2019-10-25 16:00,2019-10-25 18:00,0,0.002,0.002,12.571
2019-10-25 17:00,2019-10-25 19:00,0,0,0,11.585
2019-10-25 18:00,2019-10-25 20:00,0,0,0,10.714
2019-10-25 19:00,2019-10-25 21:00,0,0,0,9.971
2019-10-25 20:00,2019-10-25 22:00,0,0,0,9.205
2019-10-25 21:00,2019-10-25 23:00,0,0,0,8.746
2019-10-25 22:00,2019-10-26 00:00,0,0,0,8.440
2019-10-25 23:00,2019-10-26 01:00,0,0,0,8.403
2019-10-26 00:00,2019-10-26 02:00,0,0,0,8.357
2019-10-26 01:00,2019-10-26 03:00,0,0,0,8.067
2019-10-26 02:00,2019-10-26 04:00,0,0,0,7.843
2019-10-26 03:00,2019-10-26 05:00,0,0,0,7.412
2019-10-26 04:00,2019-10-26 06:00,0,0,0,7.232
2019-10-26 05:00,2019-10-26 07:00,0,0,0,7.347
2019-10-26 06:00,2019-10-26 08:00,0.045,0.008,0.020,7.364
2019-10-26 07:00,2019-10-26 09:00,0.376,0.075,0.073,8.619
2019-10-26 08:00,2019-10-26 10:00,0.888,0.243,0.093,10.603
2019-10-26 09:00,2019-10-26 11:00,1.379,0.447,0.088,13.173
2019-10-26 10:00,2019-10-26 12:00,1.687,0.594,0.083,15.458
2019-10-26 11:00,2019-10-26 13:00,1.847,0.680,0.077,16.837
2019-10-26 12:00,2019-10-26 14:00,1.823,0.677,0.072,17.536
2019-10-26 13:00,2019-10-26 15:00,1.624,0.589,0.068,17.649
2019-10-26 14:00,2019-10-26 16:00,1.249,0.432,0.061,17.220
2019-10-26 15:00,2019-10-26 17:00,0.689,0.226,0.042,15.206
2019-10-26 16:00,2019-10-26 18:00,0.008,0.008,0.002,13.345
2019-10-26 17:00,2019-10-26 19:00,0,0,0,12.565
2019-10-26 18:00,2019-10-26 20:00,0,0,0,11.587
2019-10-26 19:00,2019-10-26 21:00,0,0,0,10.932
2019-10-26 20:00,2019-10-26 22:00,0,0,0,10.679
2019-10-26 21:00,2019-10-26 23:00,0,0,0,10.356
2019-10-26 22:00,2019-10-27 00:00,0,0,0,9.818
2019-10-26 23:00,2019-10-27 01:00,0,0,0,9.332
2019-10-27 00:00,2019-10-27 02:00,0,0,0,9.003
2019-10-27 01:00,2019-10-27 02:00,0,0,0,8.766
2019-10-27 02:00,2019-10-27 03:00,0,0,0,8.753
2019-10-27 03:00,2019-10-27 04:00,0,0,0,8.690
2019-10-27 04:00,2019-10-27 05:00,0,0,0,8.559
2019-10-27 05:00,2019-10-27 06:00,0,0,0,8.599
2019-10-27 06:00,2019-10-27 07:00,0.063,0.016,0.019,9.138
2019-10-27 07:00,2019-10-27 08:00,0.513,0.142,0.057,11.917
2019-10-27 08:00,2019-10-27 09:00,1.027,0.324,0.071,14.072
2019-10-27 09:00,2019-10-27 10:00,1.433,0.490,0.077,16.130
2019-10-27 10:00,2019-10-27 11:00,1.676,0.598,0.082,17.462
2019-10-27 11:00,2019-10-27 12:00,1.768,0.641,0.084,18.059
2019-10-27 12:00,2019-10-27 13:00,1.735,0.629,0.082,18.258
2019-10-27 13:00,2019-10-27 14:00,1.441,0.490,0.087,17.986
2019-10-27 14:00,2019-10-27 15:00,0.850,0.244,0.088,17.032
2019-10-27 15:00,2019-10-27 16:00,0.216,0.051,0.043,14.822
2019-10-27 16:00,2019-10-27 17:00,0.019,0.015,0.001,13.146
2019-10-27 17:00,2019-10-27 18:00,0,0,0,12.683
2019-10-27 18:00,2019-10-27 19:00,0,0,0,12.269
2019-10-27 19:00,2019-10-27 20:00,0,0,0,11.744
2019-10-27 20:00,2019-10-27 21:00,0,0,0,11.365
2019-10-27 21:00,2019-10-27 22:00,0,0,0,10.996
2019-10-27 22:00,2019-10-27 23:00,0,0,0,10.729
2019-10-27 23:00,2019-10-28 00:00,0,0,0,10.415
2019-10-28 00:00,2019-10-28 01:00,0,0,0,10.142
2019-10-28 01:00,2019-10-28 02:00,0,0,0,9.881
2019-10-28 02:00,2019-10-28 03:00,0,0,0,9.428
2019-10-28 03:00,2019-10-28 04:00,0,0,0,8.738
2019-10-28 04:00,2019-10-28 05:00,0,0,0,7.977
2019-10-28 05:00,2019-10-28 06:00,0,0,0,7.285
2019-10-28 06:00,2019-10-28 07:00,0,0,0.004,6.709
2019-10-28 07:00,2019-10-28 08:00,0.052,0.001,0.029,6.516
2019-10-28 08:00,2019-10-28 09:00,0.211,0.006,0.083,6.840
2019-10-28 09:00,2019-10-28 10:00,0.385,0.017,0.134,7.422
2019-10-28 10:00,2019-10-28 11:00,0.539,0.033,0.172,8.101
2019-10-28 11:00,2019-10-28 12:00,0.633,0.051,0.188,8.760
2019-10-28 12:00,2019-10-28 13:00,0.609,0.055,0.176,9.175
2019-10-28 13:00,2019-10-28 14:00,0.533,0.055,0.149,9.354
2019-10-28 14:00,2019-10-28 15:00,0.353,0.039,0.101,9.172
2019-10-28 15:00,2019-10-28 16:00,0.111,0.016,0.038,8.332
2019-10-28 16:00,2019-10-28 17:00,0,0,0.001,7.168
2019-10-28 17:00,2019-10-28 18:00,0,0,0,6.931
2019-10-28 18:00,2019-10-28 19:00,0,0,0,6.694
2019-10-28 19:00,2019-10-28 20:00,0,0,0,6.367
2019-10-28 20:00,2019-10-28 21:00,0,0,0,6.040
2019-10-28 21:00,2019-10-28 22:00,0,0,0,5.802
2019-10-28 22:00,2019-10-28 23:00,0,0,0,5.617
2019-10-28 23:00,2019-10-29 00:00,0,0,0,5.440
2019-10-29 00:00,2019-10-29 01:00,0,0,0,5.267
2019-10-29 01:00,2019-10-29 02:00,0,0,0,5.083
2019-10-29 02:00,2019-10-29 03:00,0,0,0,4.845
2019-10-29 03:00,2019-10-29 04:00,0,0,0,4.601
2019-10-29 04:00,2019-10-29 05:00,0,0,0,4.419
2019-10-29 05:00,2019-10-29 06:00,0,0,0,4.225
2019-10-29 06:00,2019-10-29 07:00,0.003,0,0.007,4.100
2019-10-29 07:00,2019-10-29 08:00,0.086,0.002,0.041,4.352
2019-10-29 08:00,2019-10-29 09:00,0.239,0.008,0.090,4.911
2019-10-29 09:00,2019-10-29 10:00,0.364,0.015,0.127,5.631
2019-10-29 10:00,2019-10-29 11:00,0.515,0.030,0.165,6.328
2019-10-29 11:00,2019-10-29 12:00,0.635,0.051,0.186,6.951
2019-10-29 12:00,2019-10-29 13:00,0.638,0.061,0.178,7.369
2019-10-29 13:00,2019-10-29 14:00,0.528,0.054,0.147,7.483
2019-10-29 14:00,2019-10-29 15:00,0.293,0.027,0.091,7.202
2019-10-29 15:00,2019-10-29 16:00,0.080,0.010,0.031,6.437
2019-10-29 16:00,2019-10-29 17:00,0,0,0.001,5.385
2019-10-29 17:00,2019-10-29 18:00,0,0,0,4.983
2019-10-29 18:00,2019-10-29 19:00,0,0,0,4.652
2019-10-29 19:00,2019-10-29 20:00,0,0,0,4.376
2019-10-29 20:00,2019-10-29 21:00,0,0,0,4.123
2019-10-29 21:00,2019-10-29 22:00,0,0,0,3.891
2019-10-29 22:00,2019-10-29 23:00,0,0,0,3.593
2019-10-29 23:00,2019-10-30 00:00,0,0,0,3.312
2019-10-30 00:00,2019-10-30 01:00,0,0,0,3.104
2019-10-30 01:00,2019-10-30 02:00,0,0,0,2.981
2019-10-30 02:00,2019-10-30 03:00,0,0,0,2.828
2019-10-30 03:00,2019-10-30 04:00,0,0,0,2.669
2019-10-30 04:00,2019-10-30 05:00,0,0,0,2.476
2019-10-30 05:00,2019-10-30 06:00,0,0,0,2.214
2019-10-30 06:00,2019-10-30 07:00,0.020,0.003,0.013,2.053
2019-10-30 07:00,2019-10-30 08:00,0.262,0.033,0.073,2.877
2019-10-30 08:00,2019-10-30 09:00,0.684,0.135,0.117,4.176
2019-10-30 09:00,2019-10-30 10:00,1.313,0.379,0.108,5.598
2019-10-30 10:00,2019-10-30 11:00,1.727,0.567,0.094,6.899
2019-10-30 11:00,2019-10-30 12:00,1.778,0.585,0.102,7.760
2019-10-30 12:00,2019-10-30 13:00,1.487,0.436,0.128,7.954
2019-10-30 13:00,2019-10-30 14:00,0.739,0.134,0.142,7.505
2019-10-30 14:00,2019-10-30 15:00,0.288,0.032,0.084,6.768
2019-10-30 15:00,2019-10-30 16:00,0.062,0.009,0.025,5.737
2019-10-30 16:00,2019-10-30 17:00,0,-0,0,4.694
2019-10-30 17:00,2019-10-30 18:00,0,0,0,4.185
2019-10-30 18:00,2019-10-30 19:00,0,0,0,3.772
2019-10-30 19:00,2019-10-30 20:00,0,0,0,3.410
2019-10-30 20:00,2019-10-30 21:00,0,0,0,3.068
2019-10-30 21:00,2019-10-30 22:00,0,0,0,2.793
2019-10-30 22:00,2019-10-30 23:00,0,0,0,2.571
2019-10-30 23:00,2019-10-31 00:00,0,0,0,2.277
2019-10-31 00:00,2019-10-31 01:00,0,0,0,1.823
2019-10-31 01:00,2019-10-31 02:00,0,0,0,1.396
2019-10-31 02:00,2019-10-31 03:00,0,0,0,0.967
2019-10-31 03:00,2019-10-31 04:00,0,0,0,0.566
2019-10-31 04:00,2019-10-31 05:00,0,0,0,0.218
2019-10-31 05:00,2019-10-31 06:00,0,0,0,-0.063
2019-10-31 06:00,2019-10-31 07:00,0.018,0.002,0.012,-0.057
2019-10-31 07:00,2019-10-31 08:00,0.239,0.025,0.071,0.957
2019-10-31 08:00,2019-10-31 09:00,0.512,0.067,0.124,2.426
2019-10-31 09:00,2019-10-31 10:00,0.732,0.107,0.162,3.717
2019-10-31 10:00,2019-10-31 11:00,0.891,0.144,0.183,4.737
2019-10-31 11:00,2019-10-31 12:00,0.958,0.166,0.187,5.520
2019-10-31 12:00,2019-10-31 13:00,0.907,0.162,0.173,6.022
2019-10-31 13:00,2019-10-31 14:00,0.813,0.157,0.144,6.184
2019-10-31 14:00,2019-10-31 15:00,0.557,0.110,0.100,5.921
2019-10-31 15:00,2019-10-31 16:00,0.221,0.053,0.039,4.771
2019-10-31 16:00,2019-10-31 17:00,0,-0,0,2.959
2019-10-31 17:00,2019-10-31 18:00,0,0,0,2.581
2019-10-31 18:00,2019-10-31 19:00,0,0,0,2.613
2019-10-31 19:00,2019-10-31 20:00,0,0,0,2.692
2019-10-31 20:00,2019-10-31 21:00,0,0,0,2.606
2019-10-31 21:00,2019-10-31 22:00,0,0,0,2.546
2019-10-31 22:00,2019-10-31 23:00,0,0,0,2.564
2019-10-31 23:00,2019-11-01 00:00,0,0,0,2.643
2019-11-01 00:00,2019-11-01 01:00,0,0,0,2.746
2019-11-01 01:00,2019-11-01 02:00,0,0,0,2.865
2019-11-01 02:00,2019-11-01 03:00,0,0,0,2.981
2019-11-01 03:00,2019-11-01 04:00,0,0,0,3.140
2019-11-01 04:00,2019-11-01 05:00,0,0,0,3.267
2019-11-01 05:00,2019-11-01 06:00,0,0,0,3.367
2019-11-01 06:00,2019-11-01 07:00,0.008,0.001,0.009,3.310
2019-11-01 07:00,2019-11-01 08:00,0.182,0.013,0.065,4.374
2019-11-01 08:00,2019-11-01 09:00,0.483,0.057,0.127,5.945
2019-11-01 09:00,2019-11-01 10:00,0.711,0.101,0.166,7.867
2019-11-01 10:00,2019-11-01 11:00,0.940,0.165,0.188,9.414
2019-11-01 11:00,2019-11-01 12:00,0.952,0.165,0.194,10.483
2019-11-01 12:00,2019-11-01 13:00,0.667,0.079,0.175,10.926
2019-11-01 13:00,2019-11-01 14:00,0.327,0.021,0.112,10.760
2019-11-01 14:00,2019-11-01 15:00,0.121,0.006,0.052,9.773
2019-11-01 15:00,2019-11-01 16:00,0.016,0.002,0.013,8.309
2019-11-01 16:00,2019-11-01 17:00,0,-0,0,7.449
2019-11-01 17:00,2019-11-01 18:00,0,0,0,7.190
2019-11-01 18:00,2019-11-01 19:00,0,0,0,6.879
2019-11-01 19:00,2019-11-01 20:00,0,0,0,6.719
2019-11-01 20:00,2019-11-01 21:00,0,0,0,6.879
2019-11-01 21:00,2019-11-01 22:00,0,0,0,7.306
2019-11-01 22:00,2019-11-01 23:00,0,0,0,7.646
2019-11-01 23:00,2019-11-02 00:00,0,0,0,7.887
2019-11-02 00:00,2019-11-02 01:00,0,0,0,8.124
2019-11-02 01:00,2019-11-02 02:00,0,0,0,8.273
2019-11-02 02:00,2019-11-02 03:00,0,0,0,8.264
2019-11-02 03:00,2019-11-02 04:00,0,0,0,8.055
2019-11-02 04:00,2019-11-02 05:00,0,0,0,7.744
2019-11-02 05:00,2019-11-02 06:00,0,0,0,7.862
2019-11-02 06:00,2019-11-02 07:00,0,0,0.004,8.113
2019-11-02 07:00,2019-11-02 08:00,0.043,0.001,0.026,8.583
2019-11-02 08:00,2019-11-02 09:00,0.141,0.004,0.061,9.391
2019-11-02 09:00,2019-11-02 10:00,0.322,0.015,0.116,10.418
2019-11-02 10:00,2019-11-02 11:00,0.808,0.119,0.189,12.252
2019-11-02 11:00,2019-11-02 12:00,1.055,0.219,0.188,14.119
2019-11-02 12:00,2019-11-02 13:00,0.689,0.096,0.171,14.666
2019-11-02 13:00,2019-11-02 14:00,0.618,0.097,0.143,14.546
2019-11-02 14:00,2019-11-02 15:00,0.586,0.128,0.100,14.138
2019-11-02 15:00,2019-11-02 16:00,0.233,0.061,0.038,12.290
2019-11-02 16:00,2019-11-02 17:00,0,-0,0,10.700
2019-11-02 17:00,2019-11-02 18:00,0,0,0,10.231
2019-11-02 18:00,2019-11-02 19:00,0,0,0,9.721
2019-11-02 19:00,2019-11-02 20:00,0,0,0,9.246
2019-11-02 20:00,2019-11-02 21:00,0,0,0,9.095
2019-11-02 21:00,2019-11-02 22:00,0,0,0,9.119
2019-11-02 22:00,2019-11-02 23:00,0,0,0,8.893
2019-11-02 23:00,2019-11-03 00:00,0,0,0,7.639
2019-11-03 00:00,2019-11-03 01:00,0,0,0,6.688
2019-11-03 01:00,2019-11-03 02:00,0,0,0,6.106
2019-11-03 02:00,2019-11-03 03:00,0,0,0,5.964
2019-11-03 03:00,2019-11-03 04:00,0,0,0,6.087
2019-11-03 04:00,2019-11-03 05:00,0,0,0,6.478
2019-11-03 05:00,2019-11-03 06:00,0,0,0,6.811
2019-11-03 06:00,2019-11-03 07:00,0,0,0.004,7.025
2019-11-03 07:00,2019-11-03 08:00,0.145,0.008,0.058,7.617
2019-11-03 08:00,2019-11-03 09:00,0.372,0.029,0.118,8.690
2019-11-03 09:00,2019-11-03 10:00,0.488,0.037,0.151,9.747
2019-11-03 10:00,2019-11-03 11:00,0.566,0.044,0.173,10.377
2019-11-03 11:00,2019-11-03 12:00,0.541,0.038,0.171,10.853
2019-11-03 12:00,2019-11-03 13:00,0.356,0.016,0.127,11.016
2019-11-03 13:00,2019-11-03 14:00,0.188,0.006,0.076,10.672
2019-11-03 14:00,2019-11-03 15:00,0.084,0.003,0.040,10.001
2019-11-03 15:00,2019-11-03 16:00,0.013,0.001,0.012,9.139
2019-11-03 16:00,2019-11-03 17:00,0,-0,0,8.603
2019-11-03 17:00,2019-11-03 18:00,0,0,0,8.568
2019-11-03 18:00,2019-11-03 19:00,0,0,0,8.430
2019-11-03 19:00,2019-11-03 20:00,0,0,0,8.274
2019-11-03 20:00,2019-11-03 21:00,0,0,0,7.582
2019-11-03 21:00,2019-11-03 22:00,0,0,0,7.056
2019-11-03 22:00,2019-11-03 23:00,0,0,0,6.897
2019-11-03 23:00,2019-11-04 00:00,0,0,0,6.844
2019-11-04 00:00,2019-11-04 01:00,0,0,0,6.813
2019-11-04 01:00,2019-11-04 02:00,0,0,0,6.846
2019-11-04 02:00,2019-11-04 03:00,0,0,0,6.948
2019-11-04 03:00,2019-11-04 04:00,0,0,0,7.026
2019-11-04 04:00,2019-11-04 05:00,0,0,0,6.987
2019-11-04 05:00,2019-11-04 06:00,0,0,0,6.761
2019-11-04 06:00,2019-11-04 07:00,0.017,0.005,0.010,6.466
2019-11-04 07:00,2019-11-04 08:00,0.378,0.091,0.057,7.403
2019-11-04 08:00,2019-11-04 09:00,0.932,0.275,0.074,8.929
2019-11-04 09:00,2019-11-04 10:00,1.417,0.469,0.074,10.431
2019-11-04 10:00,2019-11-04 11:00,1.710,0.597,0.076,11.868
2019-11-04 11:00,2019-11-04 12:00,1.646,0.549,0.099,12.776
2019-11-04 12:00,2019-11-04 13:00,1.032,0.252,0.142,12.848
2019-11-04 13:00,2019-11-04 14:00,0.943,0.239,0.121,12.935
2019-11-04 14:00,2019-11-04 15:00,0.625,0.155,0.086,12.365
2019-11-04 15:00,2019-11-04 16:00,0.224,0.064,0.032,10.819
2019-11-04 16:00,2019-11-04 17:00,0,-0,0,9.151
2019-11-04 17:00,2019-11-04 18:00,0,0,0,8.007
2019-11-04 18:00,2019-11-04 19:00,0,0,0,7.285
2019-11-04 19:00,2019-11-04 20:00,0,0,0,6.767
2019-11-04 20:00,2019-11-04 21:00,0,0,0,6.568
2019-11-04 21:00,2019-11-04 22:00,0,0,0,6.362
2019-11-04 22:00,2019-11-04 23:00,0,0,0,6.249
2019-11-04 23:00,2019-11-05 00:00,0,0,0,6.337
2019-11-05 00:00,2019-11-05 01:00,0,0,0,6.563
2019-11-05 01:00,2019-11-05 02:00,0,0,0,6.168
2019-11-05 02:00,2019-11-05 03:00,0,0,0,5.490
2019-11-05 03:00,2019-11-05 04:00,0,0,0,4.964
2019-11-05 04:00,2019-11-05 05:00,0,0,0,4.607
2019-11-05 05:00,2019-11-05 06:00,0,0,0,4.234
2019-11-05 06:00,2019-11-05 07:00,0,0,0.003,4.007
2019-11-05 07:00,2019-11-05 08:00,0.044,0.001,0.026,4.117
2019-11-05 08:00,2019-11-05 09:00,0.147,0.003,0.062,4.601
2019-11-05 09:00,2019-11-05 10:00,0.239,0.006,0.093,5.210
2019-11-05 10:00,2019-11-05 11:00,0.306,0.008,0.113,5.732
2019-11-05 11:00,2019-11-05 12:00,0.362,0.013,0.129,6.119
2019-11-05 12:00,2019-11-05 13:00,0.370,0.016,0.128,6.362
2019-11-05 13:00,2019-11-05 14:00,0.287,0.014,0.102,6.318
2019-11-05 14:00,2019-11-05 15:00,0.155,0.008,0.061,5.897
2019-11-05 15:00,2019-11-05 16:00,0.028,0.003,0.017,4.904
2019-11-05 16:00,2019-11-05 17:00,0,-0,0,3.995
2019-11-05 17:00,2019-11-05 18:00,0,0,0,3.562
2019-11-05 18:00,2019-11-05 19:00,0,0,0,3.238
2019-11-05 19:00,2019-11-05 20:00,0,0,0,3.035
2019-11-05 20:00,2019-11-05 21:00,0,0,0,2.841
2019-11-05 21:00,2019-11-05 22:00,0,0,0,2.525
2019-11-05 22:00,2019-11-05 23:00,0,0,0,2.189
2019-11-05 23:00,2019-11-06 00:00,0,0,0,1.950
2019-11-06 00:00,2019-11-06 01:00,0,0,0,1.790
2019-11-06 01:00,2019-11-06 02:00,0,0,0,1.623
2019-11-06 02:00,2019-11-06 03:00,0,0,0,1.525
2019-11-06 03:00,2019-11-06 04:00,0,0,0,1.477
2019-11-06 04:00,2019-11-06 05:00,0,0,0,1.453
2019-11-06 05:00,2019-11-06 06:00,0,0,0,1.548
2019-11-06 06:00,2019-11-06 07:00,0.004,0.001,0.007,1.897
2019-11-06 07:00,2019-11-06 08:00,0.131,0.008,0.051,3.507
2019-11-06 08:00,2019-11-06 09:00,0.308,0.021,0.101,4.587
2019-11-06 09:00,2019-11-06 10:00,0.471,0.038,0.142,5.842
2019-11-06 10:00,2019-11-06 11:00,0.540,0.045,0.160,6.832
2019-11-06 11:00,2019-11-06 12:00,0.647,0.069,0.174,7.526
2019-11-06 12:00,2019-11-06 13:00,0.716,0.100,0.168,7.953
2019-11-06 13:00,2019-11-06 14:00,0.603,0.091,0.137,8.000
2019-11-06 14:00,2019-11-06 15:00,0.347,0.051,0.086,7.566
2019-11-06 15:00,2019-11-06 16:00,0.088,0.018,0.026,5.993
2019-11-06 16:00,2019-11-06 17:00,0,-0,0,4.382
2019-11-06 17:00,2019-11-06 18:00,0,0,0,3.904
2019-11-06 18:00,2019-11-06 19:00,0,0,0,3.451
2019-11-06 19:00,2019-11-06 20:00,0,0,0,3.242
2019-11-06 20:00,2019-11-06 21:00,0,0,0,3.228
2019-11-06 21:00,2019-11-06 22:00,0,0,0,3.262
2019-11-06 22:00,2019-11-06 23:00,0,0,0,3.147
2019-11-06 23:00,2019-11-07 00:00,0,0,0,2.762
2019-11-07 00:00,2019-11-07 01:00,0,0,0,2.364
2019-11-07 01:00,2019-11-07 02:00,0,0,0,1.968
2019-11-07 02:00,2019-11-07 03:00,0,0,0,1.613
2019-11-07 03:00,2019-11-07 04:00,0,0,0,1.186
2019-11-07 04:00,2019-11-07 05:00,0,0,0,0.753
2019-11-07 05:00,2019-11-07 06:00,0,0,0,0.248
2019-11-07 06:00,2019-11-07 07:00,0.015,0.006,0.008,-0.072
2019-11-07 07:00,2019-11-07 08:00,0.433,0.116,0.047,2.252
2019-11-07 08:00,2019-11-07 09:00,1.022,0.313,0.060,4.043
2019-11-07 09:00,2019-11-07 10:00,1.475,0.488,0.066,6.153
2019-11-07 10:00,2019-11-07 11:00,1.755,0.610,0.069,8.310
2019-11-07 11:00,2019-11-07 12:00,1.835,0.646,0.073,9.648
2019-11-07 12:00,2019-11-07 13:00,1.692,0.576,0.082,10.387
2019-11-07 13:00,2019-11-07 14:00,1.072,0.296,0.109,10.383
2019-11-07 14:00,2019-11-07 15:00,0.262,0.037,0.071,9.090
2019-11-07 15:00,2019-11-07 16:00,0.031,0.006,0.015,7.918
2019-11-07 16:00,2019-11-07 17:00,0,-0,0,7.058
2019-11-07 17:00,2019-11-07 18:00,0,0,0,6.084
2019-11-07 18:00,2019-11-07 19:00,0,0,0,5.394
2019-11-07 19:00,2019-11-07 20:00,0,0,0,4.821
2019-11-07 20:00,2019-11-07 21:00,0,0,0,4.348
2019-11-07 21:00,2019-11-07 22:00,0,0,0,4.076
2019-11-07 22:00,2019-11-07 23:00,0,0,0,3.730
2019-11-07 23:00,2019-11-08 00:00,0,0,0,3.455
2019-11-08 00:00,2019-11-08 01:00,0,0,0,3.105
2019-11-08 01:00,2019-11-08 02:00,0,0,0,2.823
2019-11-08 02:00,2019-11-08 03:00,0,0,0,2.656
2019-11-08 03:00,2019-11-08 04:00,0,0,0,2.757
2019-11-08 04:00,2019-11-08 05:00,0,0,0,2.788
2019-11-08 05:00,2019-11-08 06:00,0,0,0,2.777
2019-11-08 06:00,2019-11-08 07:00,0,0,0.002,2.681
2019-11-08 07:00,2019-11-08 08:00,0.029,0.001,0.019,2.748
2019-11-08 08:00,2019-11-08 09:00,0.091,0.001,0.043,3.015
2019-11-08 09:00,2019-11-08 10:00,0.157,0.003,0.066,3.296
2019-11-08 10:00,2019-11-08 11:00,0.193,0.003,0.078,3.528
2019-11-08 11:00,2019-11-08 12:00,0.277,0.007,0.104,3.913
2019-11-08 12:00,2019-11-08 13:00,0.503,0.035,0.154,4.563
2019-11-08 13:00,2019-11-08 14:00,0.400,0.031,0.122,4.791
2019-11-08 14:00,2019-11-08 15:00,0.184,0.013,0.066,4.483
2019-11-08 15:00,2019-11-08 16:00,0.018,0.002,0.013,3.791
2019-11-08 16:00,2019-11-08 17:00,0,-0,0,3.216
2019-11-08 17:00,2019-11-08 18:00,0,0,0,2.997
2019-11-08 18:00,2019-11-08 19:00,0,0,0,2.872
2019-11-08 19:00,2019-11-08 20:00,0,0,0,2.909
2019-11-08 20:00,2019-11-08 21:00,0,0,0,3.018
2019-11-08 21:00,2019-11-08 22:00,0,0,0,3.047
2019-11-08 22:00,2019-11-08 23:00,0,0,0,2.903
2019-11-08 23:00,2019-11-09 00:00,0,0,0,2.684
2019-11-09 00:00,2019-11-09 01:00,0,0,0,2.390
2019-11-09 01:00,2019-11-09 02:00,0,0,0,2.093
2019-11-09 02:00,2019-11-09 03:00,0,0,0,1.820
2019-11-09 03:00,2019-11-09 04:00,0,0,0,1.685
2019-11-09 04:00,2019-11-09 05:00,0,0,0,1.625
2019-11-09 05:00,2019-11-09 06:00,0,0,0,1.578
2019-11-09 06:00,2019-11-09 07:00,0,0,0.002,1.573
2019-11-09 07:00,2019-11-09 08:00,0.030,0.001,0.020,1.799
2019-11-09 08:00,2019-11-09 09:00,0.117,0.003,0.051,2.263
2019-11-09 09:00,2019-11-09 10:00,0.244,0.008,0.091,2.889
2019-11-09 10:00,2019-11-09 11:00,0.391,0.019,0.131,3.686
2019-11-09 11:00,2019-11-09 12:00,0.543,0.044,0.159,4.542
2019-11-09 12:00,2019-11-09 13:00,0.792,0.126,0.166,5.333
2019-11-09 13:00,2019-11-09 14:00,0.910,0.204,0.131,5.737
2019-11-09 14:00,2019-11-09 15:00,0.483,0.096,0.087,5.491
2019-11-09 15:00,2019-11-09 16:00,0.098,0.024,0.024,4.340
2019-11-09 16:00,2019-11-09 17:00,0,0,0,3.240
2019-11-09 17:00,2019-11-09 18:00,0,0,0,2.061
2019-11-09 18:00,2019-11-09 19:00,0,0,0,0.887
2019-11-09 19:00,2019-11-09 20:00,0,0,0,-0.017
2019-11-09 20:00,2019-11-09 21:00,0,0,0,-0.625
2019-11-09 21:00,2019-11-09 22:00,0,0,0,-1.031
2019-11-09 22:00,2019-11-09 23:00,0,0,0,-1.310
2019-11-09 23:00,2019-11-10 00:00,0,0,0,-1.406
2019-11-10 00:00,2019-11-10 01:00,0,0,0,-1.210
2019-11-10 01:00,2019-11-10 02:00,0,0,0,-1.018
2019-11-10 02:00,2019-11-10 03:00,0,0,0,-1.203
2019-11-10 03:00,2019-11-10 04:00,0,0,0,-1.679
2019-11-10 04:00,2019-11-10 05:00,0,0,0,-2.172
2019-11-10 05:00,2019-11-10 06:00,0,0,0,-2.517
2019-11-10 06:00,2019-11-10 07:00,0.004,0.002,0.005,-2.604
2019-11-10 07:00,2019-11-10 08:00,0.295,0.064,0.050,-1.364
2019-11-10 08:00,2019-11-10 09:00,0.785,0.206,0.077,0.426
2019-11-10 09:00,2019-11-10 10:00,1.309,0.400,0.077,2.299
2019-11-10 10:00,2019-11-10 11:00,1.727,0.582,0.068,3.799
2019-11-10 11:00,2019-11-10 12:00,1.796,0.610,0.072,4.772
2019-11-10 12:00,2019-11-10 13:00,1.776,0.608,0.068,5.309
2019-11-10 13:00,2019-11-10 14:00,1.588,0.536,0.061,5.347
2019-11-10 14:00,2019-11-10 15:00,1.111,0.354,0.054,4.667
2019-11-10 15:00,2019-11-10 16:00,0.315,0.102,0.021,2.554
2019-11-10 16:00,2019-11-10 17:00,0,0,0,1.357
2019-11-10 17:00,2019-11-10 18:00,0,0,0,0.648
2019-11-10 18:00,2019-11-10 19:00,0,0,0,-0.199
2019-11-10 19:00,2019-11-10 20:00,0,0,0,-0.963
2019-11-10 20:00,2019-11-10 21:00,0,0,0,-1.331
2019-11-10 21:00,2019-11-10 22:00,0,0,0,-1.066
2019-11-10 22:00,2019-11-10 23:00,0,0,0,-0.895
2019-11-10 23:00,2019-11-11 00:00,0,0,0,-0.937
2019-11-11 00:00,2019-11-11 01:00,0,0,0,-1.243
2019-11-11 01:00,2019-11-11 02:00,0,0,0,-1.855
2019-11-11 02:00,2019-11-11 03:00,0,0,0,-2.281
2019-11-11 03:00,2019-11-11 04:00,0,0,0,-2.249
2019-11-11 04:00,2019-11-11 05:00,0,0,0,-2.187
2019-11-11 05:00,2019-11-11 06:00,0,0,0,-2.493
2019-11-11 06:00,2019-11-11 07:00,0.002,0.002,0.004,-2.587
2019-11-11 07:00,2019-11-11 08:00,0.278,0.058,0.051,-1.217
2019-11-11 08:00,2019-11-11 09:00,0.834,0.226,0.074,0.544
2019-11-11 09:00,2019-11-11 10:00,1.436,0.460,0.067,2.537
2019-11-11 10:00,2019-11-11 11:00,1.740,0.588,0.068,4.306
2019-11-11 11:00,2019-11-11 12:00,1.806,0.616,0.074,5.728
2019-11-11 12:00,2019-11-11 13:00,1.599,0.517,0.088,6.459
2019-11-11 13:00,2019-11-11 14:00,0.966,0.249,0.108,6.272
2019-11-11 14:00,2019-11-11 15:00,0.270,0.042,0.067,5.179
2019-11-11 15:00,2019-11-11 16:00,0.021,0.005,0.012,3.698
2019-11-11 16:00,2019-11-11 17:00,0,0,0,2.745
2019-11-11 17:00,2019-11-11 18:00,0,0,0,2.289
2019-11-11 18:00,2019-11-11 19:00,0,0,0,1.925
2019-11-11 19:00,2019-11-11 20:00,0,0,0,1.619
2019-11-11 20:00,2019-11-11 21:00,0,0,0,1.330
2019-11-11 21:00,2019-11-11 22:00,0,0,0,1.015
2019-11-11 22:00,2019-11-11 23:00,0,0,0,0.913
2019-11-11 23:00,2019-11-12 00:00,0,0,0,0.921
2019-11-12 00:00,2019-11-12 01:00,0,0,0,0.844
2019-11-12 01:00,2019-11-12 02:00,0,0,0,0.912
2019-11-12 02:00,2019-11-12 03:00,0,0,0,0.848
2019-11-12 03:00,2019-11-12 04:00,0,0,0,0.760
2019-11-12 04:00,2019-11-12 05:00,0,0,0,0.884
2019-11-12 05:00,2019-11-12 06:00,0,0,0,0.793
2019-11-12 06:00,2019-11-12 07:00,0,0,0.002,0.587
2019-11-12 07:00,2019-11-12 08:00,0.068,0.003,0.033,1.319
2019-11-12 08:00,2019-11-12 09:00,0.206,0.009,0.076,2.468
2019-11-12 09:00,2019-11-12 10:00,0.409,0.029,0.128,3.801
2019-11-12 10:00,2019-11-12 11:00,0.643,0.072,0.167,4.882
2019-11-12 11:00,2019-11-12 12:00,0.742,0.098,0.176,5.154
2019-11-12 12:00,2019-11-12 13:00,0.521,0.049,0.147,5.041
2019-11-12 13:00,2019-11-12 14:00,0.290,0.019,0.097,4.621
2019-11-12 14:00,2019-11-12 15:00,0.156,0.012,0.057,4.114
2019-11-12 15:00,2019-11-12 16:00,0.011,0.002,0.010,3.221
2019-11-12 16:00,2019-11-12 17:00,0,0,0,2.543
2019-11-12 17:00,2019-11-12 18:00,0,0,0,1.938
2019-11-12 18:00,2019-11-12 19:00,0,0,0,1.639
2019-11-12 19:00,2019-11-12 20:00,0,0,0,1.399
2019-11-12 20:00,2019-11-12 21:00,0,0,0,1.029
2019-11-12 21:00,2019-11-12 22:00,0,0,0,0.824
2019-11-12 22:00,2019-11-12 23:00,0,0,0,0.634
2019-11-12 23:00,2019-11-13 00:00,0,0,0,0.244
2019-11-13 00:00,2019-11-13 01:00,0,0,0,-0.082
2019-11-13 01:00,2019-11-13 02:00,0,0,0,-0.265
2019-11-13 02:00,2019-11-13 03:00,0,0,0,-0.450
2019-11-13 03:00,2019-11-13 04:00,0,0,0,-0.419
2019-11-13 04:00,2019-11-13 05:00,0,0,0,-0.280
2019-11-13 05:00,2019-11-13 06:00,0,0,0,-0.532
2019-11-13 06:00,2019-11-13 07:00,0,0,0.001,-0.898
2019-11-13 07:00,2019-11-13 08:00,0.043,0.001,0.024,-0.198
2019-11-13 08:00,2019-11-13 09:00,0.170,0.006,0.067,0.867
2019-11-13 09:00,2019-11-13 10:00,0.281,0.011,0.100,1.582
2019-11-13 10:00,2019-11-13 11:00,0.324,0.012,0.114,2.195
2019-11-13 11:00,2019-11-13 12:00,0.315,0.011,0.112,2.628
2019-11-13 12:00,2019-11-13 13:00,0.327,0.016,0.112,2.951
2019-11-13 13:00,2019-11-13 14:00,0.396,0.036,0.115,3.206
2019-11-13 14:00,2019-11-13 15:00,0.254,0.031,0.071,3.070
2019-11-13 15:00,2019-11-13 16:00,0.051,0.011,0.018,1.536
2019-11-13 16:00,2019-11-13 17:00,0,0,0,0.099
2019-11-13 17:00,2019-11-13 18:00,0,0,0,-0.333
2019-11-13 18:00,2019-11-13 19:00,0,0,0,-0.793
2019-11-13 19:00,2019-11-13 20:00,0,0,0,-1.497
2019-11-13 20:00,2019-11-13 21:00,0,0,0,-1.994
2019-11-13 21:00,2019-11-13 22:00,0,0,0,-2.411
2019-11-13 22:00,2019-11-13 23:00,0,0,0,-2.787
2019-11-13 23:00,2019-11-14 00:00,0,0,0,-3.164
2019-11-14 00:00,2019-11-14 01:00,0,0,0,-3.502
2019-11-14 01:00,2019-11-14 02:00,0,0,0,-3.691
2019-11-14 02:00,2019-11-14 03:00,0,0,0,-3.912
2019-11-14 03:00,2019-11-14 04:00,0,0,0,-4.450
2019-11-14 04:00,2019-11-14 05:00,0,0,0,-4.797
2019-11-14 05:00,2019-11-14 06:00,0,0,0,-5.128
2019-11-14 06:00,2019-11-14 07:00,0,0.001,0.003,-5.210
2019-11-14 07:00,2019-11-14 08:00,0.200,0.036,0.045,-4.055
2019-11-14 08:00,2019-11-14 09:00,0.658,0.155,0.081,-1.984
2019-11-14 09:00,2019-11-14 10:00,1.299,0.395,0.074,0.252
2019-11-14 10:00,2019-11-14 11:00,1.762,0.598,0.060,2.336
2019-11-14 11:00,2019-11-14 12:00,1.884,0.658,0.060,4.043
2019-11-14 12:00,2019-11-14 13:00,1.814,0.631,0.060,4.963
2019-11-14 13:00,2019-11-14 14:00,1.587,0.540,0.056,4.976
2019-11-14 14:00,2019-11-14 15:00,1.171,0.382,0.046,3.816
2019-11-14 15:00,2019-11-14 16:00,0.306,0.103,0.016,0.793
2019-11-14 16:00,2019-11-14 17:00,0,0,0,-0.814
2019-11-14 17:00,2019-11-14 18:00,0,0,0,-0.224
2019-11-14 18:00,2019-11-14 19:00,0,0,0,-0.090
2019-11-14 19:00,2019-11-14 20:00,0,0,0,-0.363
2019-11-14 20:00,2019-11-14 21:00,0,0,0,-0.518
2019-11-14 21:00,2019-11-14 22:00,0,0,0,-0.359
2019-11-14 22:00,2019-11-14 23:00,0,0,0,-0.197
2019-11-14 23:00,2019-11-15 00:00,0,0,0,0.034
2019-11-15 00:00,2019-11-15 01:00,0,0,0,0.077
2019-11-15 01:00,2019-11-15 02:00,0,0,0,0.212
2019-11-15 02:00,2019-11-15 03:00,0,0,0,0.384
2019-11-15 03:00,2019-11-15 04:00,0,0,0,0.661
2019-11-15 04:00,2019-11-15 05:00,0,0,0,0.996
2019-11-15 05:00,2019-11-15 06:00,0,0,0,1.368
2019-11-15 06:00,2019-11-15 07:00,0,0,0.002,1.459
2019-11-15 07:00,2019-11-15 08:00,0.118,0.012,0.043,2.178
2019-11-15 08:00,2019-11-15 09:00,0.483,0.081,0.101,3.750
2019-11-15 09:00,2019-11-15 10:00,0.826,0.173,0.132,5.274
2019-11-15 10:00,2019-11-15 11:00,0.963,0.204,0.153,6.979
2019-11-15 11:00,2019-11-15 12:00,0.817,0.141,0.165,8.290
2019-11-15 12:00,2019-11-15 13:00,0.491,0.052,0.136,7.764
2019-11-15 13:00,2019-11-15 14:00,0.321,0.029,0.099,6.694
2019-11-15 14:00,2019-11-15 15:00,0.168,0.017,0.056,5.474
2019-11-15 15:00,2019-11-15 16:00,0.022,0.005,0.012,4.308
2019-11-15 16:00,2019-11-15 17:00,0,0,0,3.612
2019-11-15 17:00,2019-11-15 18:00,0,0,0,3.437
2019-11-15 18:00,2019-11-15 19:00,0,0,0,3.222
2019-11-15 19:00,2019-11-15 20:00,0,0,0,2.626
2019-11-15 20:00,2019-11-15 21:00,0,0,0,1.911
2019-11-15 21:00,2019-11-15 22:00,0,0,0,1.580
2019-11-15 22:00,2019-11-15 23:00,0,0,0,1.159
2019-11-15 23:00,2019-11-16 00:00,0,0,0,0.524
2019-11-16 00:00,2019-11-16 01:00,0,0,0,-0.309
2019-11-16 01:00,2019-11-16 02:00,0,0,0,-0.787
2019-11-16 02:00,2019-11-16 03:00,0,0,0,-0.728
2019-11-16 03:00,2019-11-16 04:00,0,0,0,-0.415
2019-11-16 04:00,2019-11-16 05:00,0,0,0,-0.293
2019-11-16 05:00,2019-11-16 06:00,0,0,0,-0.161
2019-11-16 06:00,2019-11-16 07:00,0,0.001,0.002,-0.149
2019-11-16 07:00,2019-11-16 08:00,0.236,0.052,0.044,0.456
2019-11-16 08:00,2019-11-16 09:00,0.726,0.191,0.074,2.349
2019-11-16 09:00,2019-11-16 10:00,1.231,0.375,0.078,4.551
2019-11-16 10:00,2019-11-16 11:00,1.550,0.506,0.078,6.200
2019-11-16 11:00,2019-11-16 12:00,1.639,0.543,0.081,7.094
2019-11-16 12:00,2019-11-16 13:00,1.500,0.482,0.086,7.565
2019-11-16 13:00,2019-11-16 14:00,1.168,0.353,0.083,7.614
2019-11-16 14:00,2019-11-16 15:00,0.963,0.301,0.056,6.773
2019-11-16 15:00,2019-11-16 16:00,0.085,0.028,0.015,3.603
2019-11-16 16:00,2019-11-16 17:00,0,0,0,1.931
2019-11-16 17:00,2019-11-16 18:00,0,0,0,1.467
2019-11-16 18:00,2019-11-16 19:00,0,0,0,1.354
2019-11-16 19:00,2019-11-16 20:00,0,0,0,1.565
2019-11-16 20:00,2019-11-16 21:00,0,0,0,1.696
2019-11-16 21:00,2019-11-16 22:00,0,0,0,1.821
2019-11-16 22:00,2019-11-16 23:00,0,0,0,1.932
2019-11-16 23:00,2019-11-17 00:00,0,0,0,2.002
2019-11-17 00:00,2019-11-17 01:00,0,0,0,1.599
2019-11-17 01:00,2019-11-17 02:00,0,0,0,1.223
2019-11-17 02:00,2019-11-17 03:00,0,0,0,1.209
2019-11-17 03:00,2019-11-17 04:00,0,0,0,1.074
2019-11-17 04:00,2019-11-17 05:00,0,0,0,1.036
2019-11-17 05:00,2019-11-17 06:00,0,0,0,0.996
2019-11-17 06:00,2019-11-17 07:00,0,0,0,1.077
2019-11-17 07:00,2019-11-17 08:00,0.009,0,0.010,1.412
2019-11-17 08:00,2019-11-17 09:00,0.055,0.001,0.030,1.935
2019-11-17 09:00,2019-11-17 10:00,0.124,0.002,0.055,2.539
2019-11-17 10:00,2019-11-17 11:00,0.186,0.003,0.076,3.234
2019-11-17 11:00,2019-11-17 12:00,0.213,0.004,0.084,3.812
2019-11-17 12:00,2019-11-17 13:00,0.211,0.005,0.083,4.372
2019-11-17 13:00,2019-11-17 14:00,0.107,0.002,0.049,4.921
2019-11-17 14:00,2019-11-17 15:00,0.041,0.001,0.024,5.016
2019-11-17 15:00,2019-11-17 16:00,0.002,0.001,0.006,4.591
2019-11-17 16:00,2019-11-17 17:00,0,0,0,4.097
2019-11-17 17:00,2019-11-17 18:00,0,0,0,3.638
2019-11-17 18:00,2019-11-17 19:00,0,0,0,3.293
2019-11-17 19:00,2019-11-17 20:00,0,0,0,2.927
2019-11-17 20:00,2019-11-17 21:00,0,0,0,2.438
2019-11-17 21:00,2019-11-17 22:00,0,0,0,1.974
2019-11-17 22:00,2019-11-17 23:00,0,0,0,1.547
2019-11-17 23:00,2019-11-18 00:00,0,0,0,1.150
2019-11-18 00:00,2019-11-18 01:00,0,0,0,0.903
2019-11-18 01:00,2019-11-18 02:00,0,0,0,0.724
2019-11-18 02:00,2019-11-18 03:00,0,0,0,0.572
2019-11-18 03:00,2019-11-18 04:00,0,0,0,0.387
2019-11-18 04:00,2019-11-18 05:00,0,0,0,0.038
2019-11-18 05:00,2019-11-18 06:00,0,0,0,-0.438
2019-11-18 06:00,2019-11-18 07:00,0,0,0.001,-0.936
2019-11-18 07:00,2019-11-18 08:00,0.136,0.021,0.040,-0.181
2019-11-18 08:00,2019-11-18 09:00,0.644,0.156,0.079,1.443
2019-11-18 09:00,2019-11-18 10:00,1.199,0.358,0.080,3.291
2019-11-18 10:00,2019-11-18 11:00,1.519,0.487,0.080,4.917
2019-11-18 11:00,2019-11-18 12:00,1.644,0.543,0.080,5.955
2019-11-18 12:00,2019-11-18 13:00,1.569,0.514,0.079,6.500
2019-11-18 13:00,2019-11-18 14:00,1.284,0.403,0.075,6.405
2019-11-18 14:00,2019-11-18 15:00,0.773,0.226,0.059,5.337
2019-11-18 15:00,2019-11-18 16:00,0.095,0.033,0.014,2.434
2019-11-18 16:00,2019-11-18 17:00,0,0,0,0.940
2019-11-18 17:00,2019-11-18 18:00,0,0,0,0.859
2019-11-18 18:00,2019-11-18 19:00,0,0,0,1.005
2019-11-18 19:00,2019-11-18 20:00,0,0,0,1.043
2019-11-18 20:00,2019-11-18 21:00,0,0,0,1.027
2019-11-18 21:00,2019-11-18 22:00,0,0,0,0.971
2019-11-18 22:00,2019-11-18 23:00,0,0,0,0.727
2019-11-18 23:00,2019-11-19 00:00,0,0,0,0.444
2019-11-19 00:00,2019-11-19 01:00,0,0,0,0.417
2019-11-19 01:00,2019-11-19 02:00,0,0,0,0.568
2019-11-19 02:00,2019-11-19 03:00,0,0,0,0.767
2019-11-19 03:00,2019-11-19 04:00,0,0,0,0.697
2019-11-19 04:00,2019-11-19 05:00,0,0,0,0.297
2019-11-19 05:00,2019-11-19 06:00,0,0,0,-0.037
2019-11-19 06:00,2019-11-19 07:00,0,0,0.001,-0.385
2019-11-19 07:00,2019-11-19 08:00,0.164,0.029,0.042,0.389
2019-11-19 08:00,2019-11-19 09:00,0.430,0.072,0.090,2.085
2019-11-19 09:00,2019-11-19 10:00,0.690,0.132,0.121,3.235
2019-11-19 10:00,2019-11-19 11:00,1.293,0.369,0.110,5.004
2019-11-19 11:00,2019-11-19 12:00,1.545,0.487,0.095,6.118
2019-11-19 12:00,2019-11-19 13:00,1.329,0.392,0.104,6.351
2019-11-19 13:00,2019-11-19 14:00,0.917,0.237,0.101,5.834
2019-11-19 14:00,2019-11-19 15:00,0.342,0.070,0.064,4.694
2019-11-19 15:00,2019-11-19 16:00,0.015,0.005,0.009,2.754
2019-11-19 16:00,2019-11-19 17:00,0,0,0,2.162
2019-11-19 17:00,2019-11-19 18:00,0,0,0,1.871
2019-11-19 18:00,2019-11-19 19:00,0,0,0,1.233
2019-11-19 19:00,2019-11-19 20:00,0,0,0,0.879
2019-11-19 20:00,2019-11-19 21:00,0,0,0,0.789
2019-11-19 21:00,2019-11-19 22:00,0,0,0,0.776
2019-11-19 22:00,2019-11-19 23:00,0,0,0,0.630
2019-11-19 23:00,2019-11-20 00:00,0,0,0,0.398
2019-11-20 00:00,2019-11-20 01:00,0,0,0,0.241
2019-11-20 01:00,2019-11-20 02:00,0,0,0,0.177
2019-11-20 02:00,2019-11-20 03:00,0,0,0,0.203
2019-11-20 03:00,2019-11-20 04:00,0,0,0,0.068
2019-11-20 04:00,2019-11-20 05:00,0,0,0,-0.149
2019-11-20 05:00,2019-11-20 06:00,0,0,0,-0.310
2019-11-20 06:00,2019-11-20 07:00,0,0,0.001,-0.329
2019-11-20 07:00,2019-11-20 08:00,0.068,0.005,0.031,0.206
2019-11-20 08:00,2019-11-20 09:00,0.284,0.027,0.085,1.042
2019-11-20 09:00,2019-11-20 10:00,0.598,0.088,0.132,2.321
2019-11-20 10:00,2019-11-20 11:00,0.751,0.122,0.153,3.356
2019-11-20 11:00,2019-11-20 12:00,0.798,0.136,0.157,4.139
2019-11-20 12:00,2019-11-20 13:00,0.752,0.131,0.146,4.534
2019-11-20 13:00,2019-11-20 14:00,0.402,0.050,0.104,4.417
2019-11-20 14:00,2019-11-20 15:00,0.161,0.018,0.052,3.861
2019-11-20 15:00,2019-11-20 16:00,0.007,0.002,0.007,2.837
2019-11-20 16:00,2019-11-20 17:00,0,0,0,2.226
2019-11-20 17:00,2019-11-20 18:00,0,0,0,2.077
2019-11-20 18:00,2019-11-20 19:00,0,0,0,2.039
2019-11-20 19:00,2019-11-20 20:00,0,0,0,1.977
2019-11-20 20:00,2019-11-20 21:00,0,0,0,1.959
2019-11-20 21:00,2019-11-20 22:00,0,0,0,1.957
2019-11-20 22:00,2019-11-20 23:00,0,0,0,1.924
2019-11-20 23:00,2019-11-21 00:00,0,0,0,1.864
2019-11-21 00:00,2019-11-21 01:00,0,0,0,1.789
2019-11-21 01:00,2019-11-21 02:00,0,0,0,1.702
2019-11-21 02:00,2019-11-21 03:00,0,0,0,1.582
2019-11-21 03:00,2019-11-21 04:00,0,0,0,1.548
2019-11-21 04:00,2019-11-21 05:00,0,0,0,1.585
2019-11-21 05:00,2019-11-21 06:00,0,0,0,1.604
2019-11-21 06:00,2019-11-21 07:00,0,0,0,1.512
2019-11-21 07:00,2019-11-21 08:00,0.032,0.002,0.020,1.806
2019-11-21 08:00,2019-11-21 09:00,0.166,0.009,0.063,2.660
2019-11-21 09:00,2019-11-21 10:00,0.397,0.036,0.117,3.959
2019-11-21 10:00,2019-11-21 11:00,0.680,0.101,0.151,4.841
2019-11-21 11:00,2019-11-21 12:00,0.907,0.182,0.152,5.645
2019-11-21 12:00,2019-11-21 13:00,1.007,0.239,0.133,6.250
2019-11-21 13:00,2019-11-21 14:00,0.788,0.183,0.109,6.327
2019-11-21 14:00,2019-11-21 15:00,0.382,0.083,0.066,5.634
2019-11-21 15:00,2019-11-21 16:00,0.029,0.010,0.010,3.643
2019-11-21 16:00,2019-11-21 17:00,0,0,0,2.482
2019-11-21 17:00,2019-11-21 18:00,0,0,0,2.146
2019-11-21 18:00,2019-11-21 19:00,0,0,0,2.053
2019-11-21 19:00,2019-11-21 20:00,0,0,0,1.705
2019-11-21 20:00,2019-11-21 21:00,0,0,0,1.292
2019-11-21 21:00,2019-11-21 22:00,0,0,0,0.992
2019-11-21 22:00,2019-11-21 23:00,0,0,0,0.815
2019-11-21 23:00,2019-11-22 00:00,0,0,0,0.532
2019-11-22 00:00,2019-11-22 01:00,0,0,0,0.315
2019-11-22 01:00,2019-11-22 02:00,0,0,0,0.153
2019-11-22 02:00,2019-11-22 03:00,0,0,0,0.024
2019-11-22 03:00,2019-11-22 04:00,0,0,0,-0.017
2019-11-22 04:00,2019-11-22 05:00,0,0,0,-0.041
2019-11-22 05:00,2019-11-22 06:00,0,0,0,-0.251
2019-11-22 06:00,2019-11-22 07:00,0,0,0.001,-0.495
2019-11-22 07:00,2019-11-22 08:00,0.113,0.017,0.036,0.169
2019-11-22 08:00,2019-11-22 09:00,0.453,0.085,0.085,1.759
2019-11-22 09:00,2019-11-22 10:00,0.893,0.218,0.107,3.307
2019-11-22 10:00,2019-11-22 11:00,1.237,0.348,0.108,4.940
2019-11-22 11:00,2019-11-22 12:00,1.361,0.401,0.107,6.336
2019-11-22 12:00,2019-11-22 13:00,1.188,0.333,0.110,7.053
2019-11-22 13:00,2019-11-22 14:00,0.841,0.214,0.099,7.118
2019-11-22 14:00,2019-11-22 15:00,0.412,0.097,0.061,5.841
2019-11-22 15:00,2019-11-22 16:00,0.039,0.014,0.010,3.330
2019-11-22 16:00,2019-11-22 17:00,0,0,0,2.462
2019-11-22 17:00,2019-11-22 18:00,0,0,0,2.434
2019-11-22 18:00,2019-11-22 19:00,0,0,0,2.172
2019-11-22 19:00,2019-11-22 20:00,0,0,0,2.343
2019-11-22 20:00,2019-11-22 21:00,0,0,0,2.369
2019-11-22 21:00,2019-11-22 22:00,0,0,0,2.304
2019-11-22 22:00,2019-11-22 23:00,0,0,0,2.132
2019-11-22 23:00,2019-11-23 00:00,0,0,0,1.525
2019-11-23 00:00,2019-11-23 01:00,0,0,0,0.848
2019-11-23 01:00,2019-11-23 02:00,0,0,0,0.903
2019-11-23 02:00,2019-11-23 03:00,0,0,0,1.367
2019-11-23 03:00,2019-11-23 04:00,0,0,0,2.111
2019-11-23 04:00,2019-11-23 05:00,0,0,0,2.451
2019-11-23 05:00,2019-11-23 06:00,0,0,0,2.956
2019-11-23 06:00,2019-11-23 07:00,0,0,0,3.272
2019-11-23 07:00,2019-11-23 08:00,0.149,0.031,0.035,3.985
2019-11-23 08:00,2019-11-23 09:00,0.754,0.218,0.062,6.288
2019-11-23 09:00,2019-11-23 10:00,1.246,0.403,0.066,8.678
2019-11-23 10:00,2019-11-23 11:00,1.453,0.483,0.076,10.755
2019-11-23 11:00,2019-11-23 12:00,1.541,0.521,0.079,12.133
2019-11-23 12:00,2019-11-23 13:00,1.443,0.480,0.080,12.717
2019-11-23 13:00,2019-11-23 14:00,1.030,0.309,0.083,12.228
2019-11-23 14:00,2019-11-23 15:00,0.448,0.116,0.058,10.236
2019-11-23 15:00,2019-11-23 16:00,0.030,0.012,0.009,7.639
2019-11-23 16:00,2019-11-23 17:00,0,0,0,6.543
2019-11-23 17:00,2019-11-23 18:00,0,0,0,5.972
2019-11-23 18:00,2019-11-23 19:00,0,0,0,5.650
2019-11-23 19:00,2019-11-23 20:00,0,0,0,5.409
2019-11-23 20:00,2019-11-23 21:00,0,0,0,5.115
2019-11-23 21:00,2019-11-23 22:00,0,0,0,4.905
2019-11-23 22:00,2019-11-23 23:00,0,0,0,4.912
2019-11-23 23:00,2019-11-24 00:00,0,0,0,4.881
2019-11-24 00:00,2019-11-24 01:00,0,0,0,4.631
2019-11-24 01:00,2019-11-24 02:00,0,0,0,4.136
2019-11-24 02:00,2019-11-24 03:00,0,0,0,3.970
2019-11-24 03:00,2019-11-24 04:00,0,0,0,3.897
2019-11-24 04:00,2019-11-24 05:00,0,0,0,3.740
2019-11-24 05:00,2019-11-24 06:00,0,0,0,3.569
2019-11-24 06:00,2019-11-24 07:00,0,0,0,3.421
2019-11-24 07:00,2019-11-24 08:00,0.166,0.038,0.035,4.601
2019-11-24 08:00,2019-11-24 09:00,0.639,0.171,0.069,7.541
2019-11-24 09:00,2019-11-24 10:00,1.020,0.297,0.086,9.336
2019-11-24 10:00,2019-11-24 11:00,1.202,0.357,0.100,10.492
2019-11-24 11:00,2019-11-24 12:00,1.369,0.432,0.095,11.709
2019-11-24 12:00,2019-11-24 13:00,1.412,0.465,0.082,12.508
2019-11-24 13:00,2019-11-24 14:00,1.202,0.390,0.071,12.448
2019-11-24 14:00,2019-11-24 15:00,0.712,0.218,0.053,11.184
2019-11-24 15:00,2019-11-24 16:00,0.054,0.022,0.009,9.027
2019-11-24 16:00,2019-11-24 17:00,0,0,0,7.532
2019-11-24 17:00,2019-11-24 18:00,0,0,0,6.071
2019-11-24 18:00,2019-11-24 19:00,0,0,0,4.803
2019-11-24 19:00,2019-11-24 20:00,0,0,0,4.065
2019-11-24 20:00,2019-11-24 21:00,0,0,0,3.515
2019-11-24 21:00,2019-11-24 22:00,0,0,0,3.361
2019-11-24 22:00,2019-11-24 23:00,0,0,0,3.095
2019-11-24 23:00,2019-11-25 00:00,0,0,0,2.694
2019-11-25 00:00,2019-11-25 01:00,0,0,0,2.399
2019-11-25 01:00,2019-11-25 02:00,0,0,0,2.271
2019-11-25 02:00,2019-11-25 03:00,0,0,0,2.205
2019-11-25 03:00,2019-11-25 04:00,0,0,0,2.149
2019-11-25 04:00,2019-11-25 05:00,0,0,0,2.136
2019-11-25 05:00,2019-11-25 06:00,0,0,0,2.067
2019-11-25 06:00,2019-11-25 07:00,0,0,0,2.021
2019-11-25 07:00,2019-11-25 08:00,0.046,0.003,0.024,2.354
2019-11-25 08:00,2019-11-25 09:00,0.209,0.016,0.071,3.461
2019-11-25 09:00,2019-11-25 10:00,0.442,0.049,0.119,4.471
2019-11-25 10:00,2019-11-25 11:00,0.652,0.096,0.146,5.593
2019-11-25 11:00,2019-11-25 12:00,0.759,0.130,0.151,6.432
2019-11-25 12:00,2019-11-25 13:00,0.678,0.115,0.138,6.776
2019-11-25 13:00,2019-11-25 14:00,0.454,0.070,0.104,6.501
2019-11-25 14:00,2019-11-25 15:00,0.190,0.029,0.052,5.418
2019-11-25 15:00,2019-11-25 16:00,0.008,0.003,0.007,3.787
2019-11-25 16:00,2019-11-25 17:00,0,0,0,3.192
2019-11-25 17:00,2019-11-25 18:00,0,0,0,3.126
2019-11-25 18:00,2019-11-25 19:00,0,0,0,2.981
2019-11-25 19:00,2019-11-25 20:00,0,0,0,2.933
2019-11-25 20:00,2019-11-25 21:00,0,0,0,2.894
2019-11-25 21:00,2019-11-25 22:00,0,0,0,2.920
2019-11-25 22:00,2019-11-25 23:00,0,0,0,2.971
2019-11-25 23:00,2019-11-26 00:00,0,0,0,3.002
2019-11-26 00:00,2019-11-26 01:00,0,0,0,3.161
2019-11-26 01:00,2019-11-26 02:00,0,0,0,3.377
2019-11-26 02:00,2019-11-26 03:00,0,0,0,3.561
2019-11-26 03:00,2019-11-26 04:00,0,0,0,3.493
2019-11-26 04:00,2019-11-26 05:00,0,0,0,3.498
2019-11-26 05:00,2019-11-26 06:00,0,0,0,3.516
2019-11-26 06:00,2019-11-26 07:00,0,0,0,3.484
2019-11-26 07:00,2019-11-26 08:00,0.036,0.003,0.021,3.902
2019-11-26 08:00,2019-11-26 09:00,0.203,0.015,0.070,5.433
2019-11-26 09:00,2019-11-26 10:00,0.385,0.037,0.112,6.587
2019-11-26 10:00,2019-11-26 11:00,0.562,0.072,0.141,7.962
2019-11-26 11:00,2019-11-26 12:00,0.672,0.105,0.149,9.584
2019-11-26 12:00,2019-11-26 13:00,0.615,0.101,0.133,9.653
2019-11-26 13:00,2019-11-26 14:00,0.679,0.151,0.106,9.503
2019-11-26 14:00,2019-11-26 15:00,0.404,0.097,0.061,8.182
2019-11-26 15:00,2019-11-26 16:00,0.015,0.007,0.007,5.515
2019-11-26 16:00,2019-11-26 17:00,0,0,0,4.581
2019-11-26 17:00,2019-11-26 18:00,0,0,0,4.282
2019-11-26 18:00,2019-11-26 19:00,0,0,0,4.149
2019-11-26 19:00,2019-11-26 20:00,0,0,0,3.895
2019-11-26 20:00,2019-11-26 21:00,0,0,0,3.550
2019-11-26 21:00,2019-11-26 22:00,0,0,0,3.353
2019-11-26 22:00,2019-11-26 23:00,0,0,0,3.216
2019-11-26 23:00,2019-11-27 00:00,0,0,0,3.301
2019-11-27 00:00,2019-11-27 01:00,0,0,0,3.529
2019-11-27 01:00,2019-11-27 02:00,0,0,0,3.428
2019-11-27 02:00,2019-11-27 03:00,0,0,0,3.323
2019-11-27 03:00,2019-11-27 04:00,0,0,0,3.319
2019-11-27 04:00,2019-11-27 05:00,0,0,0,3.419
2019-11-27 05:00,2019-11-27 06:00,0,0,0,3.409
2019-11-27 06:00,2019-11-27 07:00,0,0,0,3.484
2019-11-27 07:00,2019-11-27 08:00,0.012,0,0.012,3.942
2019-11-27 08:00,2019-11-27 09:00,0.075,0.002,0.037,4.897
2019-11-27 09:00,2019-11-27 10:00,0.123,0.002,0.055,5.560
2019-11-27 10:00,2019-11-27 11:00,0.125,0.002,0.056,5.767
2019-11-27 11:00,2019-11-27 12:00,0.109,0.002,0.050,5.753
2019-11-27 12:00,2019-11-27 13:00,0.114,0.002,0.052,5.747
2019-11-27 13:00,2019-11-27 14:00,0.106,0.003,0.047,5.792
2019-11-27 14:00,2019-11-27 15:00,0.118,0.011,0.044,5.660
2019-11-27 15:00,2019-11-27 16:00,0.015,0.006,0.008,3.849
2019-11-27 16:00,2019-11-27 17:00,0,0,0,3.268
2019-11-27 17:00,2019-11-27 18:00,0,0,0,3.255
2019-11-27 18:00,2019-11-27 19:00,0,0,0,3.328
2019-11-27 19:00,2019-11-27 20:00,0,0,0,3.542
2019-11-27 20:00,2019-11-27 21:00,0,0,0,3.785
2019-11-27 21:00,2019-11-27 22:00,0,0,0,4.254
2019-11-27 22:00,2019-11-27 23:00,0,0,0,4.304
2019-11-27 23:00,2019-11-28 00:00,0,0,0,4.047
2019-11-28 00:00,2019-11-28 01:00,0,0,0,3.814
2019-11-28 01:00,2019-11-28 02:00,0,0,0,4.047
2019-11-28 02:00,2019-11-28 03:00,0,0,0,4.754
2019-11-28 03:00,2019-11-28 04:00,0,0,0,5.181
2019-11-28 04:00,2019-11-28 05:00,0,0,0,5.290
2019-11-28 05:00,2019-11-28 06:00,0,0,0,5.308
2019-11-28 06:00,2019-11-28 07:00,0,0,0,5.196
2019-11-28 07:00,2019-11-28 08:00,0.040,0.003,0.022,5.347
2019-11-28 08:00,2019-11-28 09:00,0.250,0.025,0.078,6.387
2019-11-28 09:00,2019-11-28 10:00,0.419,0.047,0.116,7.506
2019-11-28 10:00,2019-11-28 11:00,0.590,0.080,0.143,8.554
2019-11-28 11:00,2019-11-28 12:00,0.650,0.096,0.150,9.137
2019-11-28 12:00,2019-11-28 13:00,0.415,0.041,0.121,8.985
2019-11-28 13:00,2019-11-28 14:00,0.209,0.015,0.073,8.343
2019-11-28 14:00,2019-11-28 15:00,0.138,0.018,0.045,7.568
2019-11-28 15:00,2019-11-28 16:00,0.005,0.003,0.006,6.566
2019-11-28 16:00,2019-11-28 17:00,0,0,0,5.944
2019-11-28 17:00,2019-11-28 18:00,0,0,0,5.664
2019-11-28 18:00,2019-11-28 19:00,0,0,0,5.534
2019-11-28 19:00,2019-11-28 20:00,0,0,0,5.565
2019-11-28 20:00,2019-11-28 21:00,0,0,0,5.656
2019-11-28 21:00,2019-11-28 22:00,0,0,0,5.647
2019-11-28 22:00,2019-11-28 23:00,0,0,0,5.654
2019-11-28 23:00,2019-11-29 00:00,0,0,0,5.690
2019-11-29 00:00,2019-11-29 01:00,0,0,0,5.763
2019-11-29 01:00,2019-11-29 02:00,0,0,0,5.808
2019-11-29 02:00,2019-11-29 03:00,0,0,0,5.779
2019-11-29 03:00,2019-11-29 04:00,0,0,0,5.703
2019-11-29 04:00,2019-11-29 05:00,0,0,0,5.602
2019-11-29 05:00,2019-11-29 06:00,0,0,0,5.402
2019-11-29 06:00,2019-11-29 07:00,0,0,0,5.146
2019-11-29 07:00,2019-11-29 08:00,0.019,0.001,0.015,5.055
2019-11-29 08:00,2019-11-29 09:00,0.107,0.003,0.048,5.350
2019-11-29 09:00,2019-11-29 10:00,0.177,0.005,0.072,5.783
2019-11-29 10:00,2019-11-29 11:00,0.187,0.005,0.075,6.070
2019-11-29 11:00,2019-11-29 12:00,0.265,0.009,0.099,6.254
2019-11-29 12:00,2019-11-29 13:00,0.210,0.007,0.081,6.100
2019-11-29 13:00,2019-11-29 14:00,0.111,0.004,0.049,5.587
2019-11-29 14:00,2019-11-29 15:00,0.031,0.002,0.020,4.913
2019-11-29 15:00,2019-11-29 16:00,0,0,0.002,4.209
2019-11-29 16:00,2019-11-29 17:00,0,0,0,3.606
2019-11-29 17:00,2019-11-29 18:00,0,0,0,3.010
2019-11-29 18:00,2019-11-29 19:00,0,0,0,2.308
2019-11-29 19:00,2019-11-29 20:00,0,0,0,1.465
2019-11-29 20:00,2019-11-29 21:00,0,0,0,0.858
2019-11-29 21:00,2019-11-29 22:00,0,0,0,0.377
2019-11-29 22:00,2019-11-29 23:00,0,0,0,0.048
2019-11-29 23:00,2019-11-30 00:00,0,0,0,-0.173
2019-11-30 00:00,2019-11-30 01:00,0,0,0,-0.335
2019-11-30 01:00,2019-11-30 02:00,0,0,0,-0.464
2019-11-30 02:00,2019-11-30 03:00,0,0,0,-0.586
2019-11-30 03:00,2019-11-30 04:00,0,0,0,-0.691
2019-11-30 04:00,2019-11-30 05:00,0,0,0,-0.850
2019-11-30 05:00,2019-11-30 06:00,0,0,0,-1.046
2019-11-30 06:00,2019-11-30 07:00,0,0,0,-1.198
2019-11-30 07:00,2019-11-30 08:00,0.055,0.007,0.024,-0.950
2019-11-30 08:00,2019-11-30 09:00,0.330,0.050,0.077,0.269
2019-11-30 09:00,2019-11-30 10:00,0.670,0.133,0.111,1.723
2019-11-30 10:00,2019-11-30 11:00,0.978,0.233,0.122,3.026
2019-11-30 11:00,2019-11-30 12:00,1.052,0.260,0.124,3.712
2019-11-30 12:00,2019-11-30 13:00,1.040,0.269,0.111,4.029
2019-11-30 13:00,2019-11-30 14:00,1.060,0.307,0.081,3.913
2019-11-30 14:00,2019-11-30 15:00,0.591,0.167,0.052,2.750
2019-11-30 15:00,2019-11-30 16:00,0.030,0.014,0.006,-0.083
2019-11-30 16:00,2019-11-30 17:00,0,0,0,-1.210
2019-11-30 17:00,2019-11-30 18:00,0,0,0,-1.763
2019-11-30 18:00,2019-11-30 19:00,0,0,0,-2.232
2019-11-30 19:00,2019-11-30 20:00,0,0,0,-2.591
2019-11-30 20:00,2019-11-30 21:00,0,0,0,-2.840
2019-11-30 21:00,2019-11-30 22:00,0,0,0,-3.011
2019-11-30 22:00,2019-11-30 23:00,0,0,0,-3.185
2019-11-30 23:00,2019-12-01 00:00,0,0,0,-3.217
2019-12-01 00:00,2019-12-01 01:00,0,0,0,-3.080
2019-12-01 01:00,2019-12-01 02:00,0,0,0,-3.338
2019-12-01 02:00,2019-12-01 03:00,0,0,0,-3.627
2019-12-01 03:00,2019-12-01 04:00,0,0,0,-3.659
2019-12-01 04:00,2019-12-01 05:00,0,0,0,-3.132
2019-12-01 05:00,2019-12-01 06:00,0,0,0,-2.491
2019-12-01 06:00,2019-12-01 07:00,0,0,0,-2.199
2019-12-01 07:00,2019-12-01 08:00,0.015,0.001,0.013,-1.792
2019-12-01 08:00,2019-12-01 09:00,0.100,0.003,0.044,-1.001
2019-12-01 09:00,2019-12-01 10:00,0.176,0.005,0.070,-0.052
2019-12-01 10:00,2019-12-01 11:00,0.177,0.004,0.071,0.638
2019-12-01 11:00,2019-12-01 12:00,0.158,0.003,0.065,1.023
2019-12-01 12:00,2019-12-01 13:00,0.127,0.003,0.055,1.163
2019-12-01 13:00,2019-12-01 14:00,0.078,0.002,0.038,0.939
2019-12-01 14:00,2019-12-01 15:00,0.027,0.001,0.018,0.357
2019-12-01 15:00,2019-12-01 16:00,0,0,0.002,-0.263
2019-12-01 16:00,2019-12-01 17:00,0,0,0,-0.392
2019-12-01 17:00,2019-12-01 18:00,0,0,0,-0.339
2019-12-01 18:00,2019-12-01 19:00,0,0,0,-0.150
2019-12-01 19:00,2019-12-01 20:00,0,0,0,0.165
2019-12-01 20:00,2019-12-01 21:00,0,0,0,0.583
2019-12-01 21:00,2019-12-01 22:00,0,0,0,0.635
2019-12-01 22:00,2019-12-01 23:00,0,0,0,-0.093
2019-12-01 23:00,2019-12-02 00:00,0,0,0,-0.332
2019-12-02 00:00,2019-12-02 01:00,0,0,0,-0.456
2019-12-02 01:00,2019-12-02 02:00,0,0,0,-0.691
2019-12-02 02:00,2019-12-02 03:00,0,0,0,-0.860
2019-12-02 03:00,2019-12-02 04:00,0,0,0,-1.030
2019-12-02 04:00,2019-12-02 05:00,0,0,0,-1.278
2019-12-02 05:00,2019-12-02 06:00,0,0,0,-1.624
2019-12-02 06:00,2019-12-02 07:00,0,0,0,-2.025
2019-12-02 07:00,2019-12-02 08:00,0.044,0.005,0.021,-1.954
2019-12-02 08:00,2019-12-02 09:00,0.311,0.045,0.075,-1.043
2019-12-02 09:00,2019-12-02 10:00,0.639,0.120,0.112,0.071
2019-12-02 10:00,2019-12-02 11:00,0.839,0.173,0.129,0.775
2019-12-02 11:00,2019-12-02 12:00,0.991,0.230,0.127,1.195
2019-12-02 12:00,2019-12-02 13:00,1.190,0.328,0.103,1.429
2019-12-02 13:00,2019-12-02 14:00,1.062,0.303,0.080,1.261
2019-12-02 14:00,2019-12-02 15:00,0.517,0.139,0.052,0.149
2019-12-02 15:00,2019-12-02 16:00,0.009,0.006,0.005,-1.501
2019-12-02 16:00,2019-12-02 17:00,0,0,0,-1.580
2019-12-02 17:00,2019-12-02 18:00,0,0,0,-1.456
2019-12-02 18:00,2019-12-02 19:00,0,0,0,-1.551
2019-12-02 19:00,2019-12-02 20:00,0,0,0,-1.619
2019-12-02 20:00,2019-12-02 21:00,0,0,0,-1.721
2019-12-02 21:00,2019-12-02 22:00,0,0,0,-1.913
2019-12-02 22:00,2019-12-02 23:00,0,0,0,-1.836
2019-12-02 23:00,2019-12-03 00:00,0,0,0,-1.908
2019-12-03 00:00,2019-12-03 01:00,0,0,0,-2.116
2019-12-03 01:00,2019-12-03 02:00,0,0,0,-2.160
2019-12-03 02:00,2019-12-03 03:00,0,0,0,-2.016
2019-12-03 03:00,2019-12-03 04:00,0,0,0,-1.872
2019-12-03 04:00,2019-12-03 05:00,0,0,0,-1.836
2019-12-03 05:00,2019-12-03 06:00,0,0,0,-1.828
2019-12-03 06:00,2019-12-03 07:00,0,0,0,-2.214
2019-12-03 07:00,2019-12-03 08:00,0.090,0.018,0.025,-2.005
2019-12-03 08:00,2019-12-03 09:00,0.465,0.102,0.070,-0.355
2019-12-03 09:00,2019-12-03 10:00,0.962,0.261,0.085,1.049
2019-12-03 10:00,2019-12-03 11:00,1.292,0.384,0.087,2.229
2019-12-03 11:00,2019-12-03 12:00,1.543,0.495,0.076,2.811
2019-12-03 12:00,2019-12-03 13:00,1.540,0.501,0.068,2.953
2019-12-03 13:00,2019-12-03 14:00,1.197,0.371,0.065,2.581
2019-12-03 14:00,2019-12-03 15:00,0.759,0.231,0.043,1.044
2019-12-03 15:00,2019-12-03 16:00,0.030,0.015,0.005,-1.568
2019-12-03 16:00,2019-12-03 17:00,0,0,0,-2.429
2019-12-03 17:00,2019-12-03 18:00,0,0,0,-2.715
2019-12-03 18:00,2019-12-03 19:00,0,0,0,-2.956
2019-12-03 19:00,2019-12-03 20:00,0,0,0,-3.079
2019-12-03 20:00,2019-12-03 21:00,0,0,0,-3.180
2019-12-03 21:00,2019-12-03 22:00,0,0,0,-3.173
2019-12-03 22:00,2019-12-03 23:00,0,0,0,-2.956
2019-12-03 23:00,2019-12-04 00:00,0,0,0,-3.207
2019-12-04 00:00,2019-12-04 01:00,0,0,0,-3.346
2019-12-04 01:00,2019-12-04 02:00,0,0,0,-3.330
2019-12-04 02:00,2019-12-04 03:00,0,0,0,-3.279
2019-12-04 03:00,2019-12-04 04:00,0,0,0,-3.237
2019-12-04 04:00,2019-12-04 05:00,0,0,0,-3.276
2019-12-04 05:00,2019-12-04 06:00,0,0,0,-3.342
2019-12-04 06:00,2019-12-04 07:00,0,0,0,-3.243
2019-12-04 07:00,2019-12-04 08:00,0.184,0.053,0.023,-2.740
2019-12-04 08:00,2019-12-04 09:00,0.822,0.251,0.043,-0.856
2019-12-04 09:00,2019-12-04 10:00,1.318,0.427,0.049,0.721
2019-12-04 10:00,2019-12-04 11:00,1.622,0.547,0.053,2.036
2019-12-04 11:00,2019-12-04 12:00,1.745,0.600,0.053,2.915
2019-12-04 12:00,2019-12-04 13:00,1.687,0.579,0.052,3.249
2019-12-04 13:00,2019-12-04 14:00,1.429,0.478,0.048,2.848
2019-12-04 14:00,2019-12-04 15:00,0.896,0.285,0.037,0.971
2019-12-04 15:00,2019-12-04 16:00,0.028,0.015,0.004,-1.593
2019-12-04 16:00,2019-12-04 17:00,0,0,0,-1.551
2019-12-04 17:00,2019-12-04 18:00,0,0,0,-1.664
2019-12-04 18:00,2019-12-04 19:00,0,0,0,-1.789
2019-12-04 19:00,2019-12-04 20:00,0,0,0,-2.086
2019-12-04 20:00,2019-12-04 21:00,0,0,0,-2.304
2019-12-04 21:00,2019-12-04 22:00,0,0,0,-2.234
2019-12-04 22:00,2019-12-04 23:00,0,0,0,-1.860
2019-12-04 23:00,2019-12-05 00:00,0,0,0,-1.531
2019-12-05 00:00,2019-12-05 01:00,0,0,0,-1.585
2019-12-05 01:00,2019-12-05 02:00,0,0,0,-1.848
2019-12-05 02:00,2019-12-05 03:00,0,0,0,-2.029
2019-12-05 03:00,2019-12-05 04:00,0,0,0,-2.112
2019-12-05 04:00,2019-12-05 05:00,0,0,0,-2.070
2019-12-05 05:00,2019-12-05 06:00,0,0,0,-1.984
2019-12-05 06:00,2019-12-05 07:00,0,0,0,-2.004
2019-12-05 07:00,2019-12-05 08:00,0.131,0.034,0.024,-1.779
2019-12-05 08:00,2019-12-05 09:00,0.672,0.188,0.055,-0.369
2019-12-05 09:00,2019-12-05 10:00,1.186,0.368,0.061,1.423
2019-12-05 10:00,2019-12-05 11:00,1.488,0.483,0.065,2.585
2019-12-05 11:00,2019-12-05 12:00,1.624,0.540,0.064,3.182
2019-12-05 12:00,2019-12-05 13:00,1.588,0.531,0.060,3.454
2019-12-05 13:00,2019-12-05 14:00,1.347,0.441,0.053,3.080
2019-12-05 14:00,2019-12-05 15:00,0.787,0.246,0.040,1.969
2019-12-05 15:00,2019-12-05 16:00,0.019,0.011,0.004,0.543
2019-12-05 16:00,2019-12-05 17:00,0,0,0,-0.481
2019-12-05 17:00,2019-12-05 18:00,0,0,0,-0.971
2019-12-05 18:00,2019-12-05 19:00,0,0,0,-1.182
2019-12-05 19:00,2019-12-05 20:00,0,0,0,-1.399
2019-12-05 20:00,2019-12-05 21:00,0,0,0,-1.519
2019-12-05 21:00,2019-12-05 22:00,0,0,0,-1.626
2019-12-05 22:00,2019-12-05 23:00,0,0,0,-1.536
2019-12-05 23:00,2019-12-06 00:00,0,0,0,-1.401
2019-12-06 00:00,2019-12-06 01:00,0,0,0,-1.503
2019-12-06 01:00,2019-12-06 02:00,0,0,0,-1.737
2019-12-06 02:00,2019-12-06 03:00,0,0,0,-1.902
2019-12-06 03:00,2019-12-06 04:00,0,0,0,-1.977
2019-12-06 04:00,2019-12-06 05:00,0,0,0,-2.117
2019-12-06 05:00,2019-12-06 06:00,0,0,0,-2.181
2019-12-06 06:00,2019-12-06 07:00,0,0,0,-2.141
2019-12-06 07:00,2019-12-06 08:00,0.206,0.066,0.019,-1.467
2019-12-06 08:00,2019-12-06 09:00,0.823,0.257,0.040,0.839
2019-12-06 09:00,2019-12-06 10:00,1.328,0.442,0.044,2.866
2019-12-06 10:00,2019-12-06 11:00,1.628,0.563,0.047,4.252
2019-12-06 11:00,2019-12-06 12:00,1.743,0.612,0.049,5.138
2019-12-06 12:00,2019-12-06 13:00,1.676,0.585,0.048,5.328
2019-12-06 13:00,2019-12-06 14:00,1.407,0.476,0.045,4.432
2019-12-06 14:00,2019-12-06 15:00,0.870,0.280,0.035,1.969
2019-12-06 15:00,2019-12-06 16:00,0.024,0.014,0.004,-0.225
2019-12-06 16:00,2019-12-06 17:00,0,0,0,-0.488
2019-12-06 17:00,2019-12-06 18:00,0,0,0,-0.383
2019-12-06 18:00,2019-12-06 19:00,0,0,0,-0.319
2019-12-06 19:00,2019-12-06 20:00,0,0,0,-0.280
2019-12-06 20:00,2019-12-06 21:00,0,0,0,-0.155
2019-12-06 21:00,2019-12-06 22:00,0,0,0,0.088
2019-12-06 22:00,2019-12-06 23:00,0,0,0,0.515
2019-12-06 23:00,2019-12-07 00:00,0,0,0,0.989
2019-12-07 00:00,2019-12-07 01:00,0,0,0,1.792
2019-12-07 01:00,2019-12-07 02:00,0,0,0,2.424
2019-12-07 02:00,2019-12-07 03:00,0,0,0,2.795
2019-12-07 03:00,2019-12-07 04:00,0,0,0,3.050
2019-12-07 04:00,2019-12-07 05:00,0,0,0,3.387
2019-12-07 05:00,2019-12-07 06:00,0,0,0,3.636
2019-12-07 06:00,2019-12-07 07:00,0,0,0,3.676
2019-12-07 07:00,2019-12-07 08:00,0.008,0.001,0.010,3.634
2019-12-07 08:00,2019-12-07 09:00,0.088,0.003,0.041,3.938
2019-12-07 09:00,2019-12-07 10:00,0.158,0.005,0.065,4.295
2019-12-07 10:00,2019-12-07 11:00,0.197,0.006,0.077,4.583
2019-12-07 11:00,2019-12-07 12:00,0.209,0.007,0.081,4.781
2019-12-07 12:00,2019-12-07 13:00,0.167,0.005,0.067,4.792
2019-12-07 13:00,2019-12-07 14:00,0.140,0.006,0.057,4.578
2019-12-07 14:00,2019-12-07 15:00,0.073,0.006,0.032,4.034
2019-12-07 15:00,2019-12-07 16:00,0,0,0.002,3.120
2019-12-07 16:00,2019-12-07 17:00,0,0,0,2.771
2019-12-07 17:00,2019-12-07 18:00,0,0,0,2.508
2019-12-07 18:00,2019-12-07 19:00,0,0,0,2.597
2019-12-07 19:00,2019-12-07 20:00,0,0,0,2.657
2019-12-07 20:00,2019-12-07 21:00,0,0,0,2.505
2019-12-07 21:00,2019-12-07 22:00,0,0,0,2.393
2019-12-07 22:00,2019-12-07 23:00,0,0,0,2.367
2019-12-07 23:00,2019-12-08 00:00,0,0,0,2.252
2019-12-08 00:00,2019-12-08 01:00,0,0,0,2.108
2019-12-08 01:00,2019-12-08 02:00,0,0,0,2.021
2019-12-08 02:00,2019-12-08 03:00,0,0,0,1.759
2019-12-08 03:00,2019-12-08 04:00,0,0,0,1.343
2019-12-08 04:00,2019-12-08 05:00,0,0,0,1.139
2019-12-08 05:00,2019-12-08 06:00,0,0,0,0.627
2019-12-08 06:00,2019-12-08 07:00,0,0,0,0.418
2019-12-08 07:00,2019-12-08 08:00,0.136,0.040,0.021,1.102
2019-12-08 08:00,2019-12-08 09:00,0.662,0.190,0.053,2.926
2019-12-08 09:00,2019-12-08 10:00,1.126,0.350,0.064,4.521
2019-12-08 10:00,2019-12-08 11:00,1.394,0.451,0.070,6.208
2019-12-08 11:00,2019-12-08 12:00,1.414,0.454,0.079,7.534
2019-12-08 12:00,2019-12-08 13:00,1.191,0.359,0.087,8.071
2019-12-08 13:00,2019-12-08 14:00,0.752,0.200,0.081,7.658
2019-12-08 14:00,2019-12-08 15:00,0.301,0.076,0.044,5.893
2019-12-08 15:00,2019-12-08 16:00,0.003,0.004,0.003,3.909
2019-12-08 16:00,2019-12-08 17:00,0,0,0,3.478
2019-12-08 17:00,2019-12-08 18:00,0,0,0,3.670
2019-12-08 18:00,2019-12-08 19:00,0,0,0,4.014
2019-12-08 19:00,2019-12-08 20:00,0,0,0,4.522
2019-12-08 20:00,2019-12-08 21:00,0,0,0,5.049
2019-12-08 21:00,2019-12-08 22:00,0,0,0,5.327
2019-12-08 22:00,2019-12-08 23:00,0,0,0,5.527
2019-12-08 23:00,2019-12-09 00:00,0,0,0,5.264
2019-12-09 00:00,2019-12-09 01:00,0,0,0,4.957
2019-12-09 01:00,2019-12-09 02:00,0,0,0,4.938
2019-12-09 02:00,2019-12-09 03:00,0,0,0,5.037
2019-12-09 03:00,2019-12-09 04:00,0,0,0,5.007
2019-12-09 04:00,2019-12-09 05:00,0,0,0,4.648
2019-12-09 05:00,2019-12-09 06:00,0,0,0,4.212
2019-12-09 06:00,2019-12-09 07:00,0,0,0,3.760
2019-12-09 07:00,2019-12-09 08:00,0.035,0.006,0.017,3.533
2019-12-09 08:00,2019-12-09 09:00,0.258,0.038,0.067,4.152
2019-12-09 09:00,2019-12-09 10:00,0.629,0.132,0.102,5.287
2019-12-09 10:00,2019-12-09 11:00,1.096,0.305,0.101,6.574
2019-12-09 11:00,2019-12-09 12:00,1.298,0.394,0.092,7.349
2019-12-09 12:00,2019-12-09 13:00,1.273,0.393,0.084,7.473
2019-12-09 13:00,2019-12-09 14:00,0.981,0.291,0.073,7.106
2019-12-09 14:00,2019-12-09 15:00,0.403,0.110,0.046,6.039
2019-12-09 15:00,2019-12-09 16:00,0,0.002,0.002,4.820
2019-12-09 16:00,2019-12-09 17:00,0,0,0,4.419
2019-12-09 17:00,2019-12-09 18:00,0,0,0,4.027
2019-12-09 18:00,2019-12-09 19:00,0,0,0,3.759
2019-12-09 19:00,2019-12-09 20:00,0,0,0,3.492
2019-12-09 20:00,2019-12-09 21:00,0,0,0,3.190
2019-12-09 21:00,2019-12-09 22:00,0,0,0,2.970
2019-12-09 22:00,2019-12-09 23:00,0,0,0,2.799
2019-12-09 23:00,2019-12-10 00:00,0,0,0,2.567
2019-12-10 00:00,2019-12-10 01:00,0,0,0,2.292
2019-12-10 01:00,2019-12-10 02:00,0,0,0,2.072
2019-12-10 02:00,2019-12-10 03:00,0,0,0,1.866
2019-12-10 03:00,2019-12-10 04:00,0,0,0,1.500
2019-12-10 04:00,2019-12-10 05:00,0,0,0,1.079
2019-12-10 05:00,2019-12-10 06:00,0,0,0,0.758
2019-12-10 06:00,2019-12-10 07:00,0,0,0,0.485
2019-12-10 07:00,2019-12-10 08:00,0.017,0.002,0.012,0.314
2019-12-10 08:00,2019-12-10 09:00,0.132,0.008,0.051,0.671
2019-12-10 09:00,2019-12-10 10:00,0.289,0.023,0.091,1.160
2019-12-10 10:00,2019-12-10 11:00,0.576,0.081,0.131,1.639
2019-12-10 11:00,2019-12-10 12:00,0.695,0.118,0.135,2.031
2019-12-10 12:00,2019-12-10 13:00,0.694,0.132,0.122,2.218
2019-12-10 13:00,2019-12-10 14:00,0.544,0.109,0.092,2.117
2019-12-10 14:00,2019-12-10 15:00,0.259,0.057,0.046,1.108
2019-12-10 15:00,2019-12-10 16:00,0,0.002,0.003,-0.365
2019-12-10 16:00,2019-12-10 17:00,0,0,0,-0.739
2019-12-10 17:00,2019-12-10 18:00,0,0,0,-1.511
2019-12-10 18:00,2019-12-10 19:00,0,0,0,-2.601
2019-12-10 19:00,2019-12-10 20:00,0,0,0,-3.225
2019-12-10 20:00,2019-12-10 21:00,0,0,0,-3.541
2019-12-10 21:00,2019-12-10 22:00,0,0,0,-3.852
2019-12-10 22:00,2019-12-10 23:00,0,0,0,-4.173
2019-12-10 23:00,2019-12-11 00:00,0,0,0,-4.396
2019-12-11 00:00,2019-12-11 01:00,0,0,0,-4.463
2019-12-11 01:00,2019-12-11 02:00,0,0,0,-4.683
2019-12-11 02:00,2019-12-11 03:00,0,0,0,-4.773
2019-12-11 03:00,2019-12-11 04:00,0,0,0,-4.832
2019-12-11 04:00,2019-12-11 05:00,0,0,0,-4.834
2019-12-11 05:00,2019-12-11 06:00,0,0,0,-4.556
2019-12-11 06:00,2019-12-11 07:00,0,0,0,-4.025
2019-12-11 07:00,2019-12-11 08:00,0.082,0.020,0.020,-2.932
2019-12-11 08:00,2019-12-11 09:00,0.419,0.089,0.067,-0.626
2019-12-11 09:00,2019-12-11 10:00,0.849,0.217,0.089,1.148
2019-12-11 10:00,2019-12-11 11:00,1.211,0.350,0.091,2.496
2019-12-11 11:00,2019-12-11 12:00,1.337,0.400,0.091,3.246
2019-12-11 12:00,2019-12-11 13:00,1.093,0.302,0.097,3.447
2019-12-11 13:00,2019-12-11 14:00,0.588,0.131,0.086,2.556
2019-12-11 14:00,2019-12-11 15:00,0.178,0.036,0.040,1.280
2019-12-11 15:00,2019-12-11 16:00,0,0.001,0.002,0.291
2019-12-11 16:00,2019-12-11 17:00,0,0,0,0.042
2019-12-11 17:00,2019-12-11 18:00,0,0,0,0.011
2019-12-11 18:00,2019-12-11 19:00,0,0,0,0.155
2019-12-11 19:00,2019-12-11 20:00,0,0,0,0.288
2019-12-11 20:00,2019-12-11 21:00,0,0,0,0.177
2019-12-11 21:00,2019-12-11 22:00,0,0,0,0.205
2019-12-11 22:00,2019-12-11 23:00,0,0,0,0.303
2019-12-11 23:00,2019-12-12 00:00,0,0,0,0.323
2019-12-12 00:00,2019-12-12 01:00,0,0,0,0.290
2019-12-12 01:00,2019-12-12 02:00,0,0,0,0.271
2019-12-12 02:00,2019-12-12 03:00,0,0,0,0.080
2019-12-12 03:00,2019-12-12 04:00,0,0,0,-0.096
2019-12-12 04:00,2019-12-12 05:00,0,0,0,-0.327
2019-12-12 05:00,2019-12-12 06:00,0,0,0,-0.469
2019-12-12 06:00,2019-12-12 07:00,0,0,0,-0.571
2019-12-12 07:00,2019-12-12 08:00,0.009,0.001,0.010,-0.408
2019-12-12 08:00,2019-12-12 09:00,0.079,0.003,0.037,0.391
2019-12-12 09:00,2019-12-12 10:00,0.156,0.005,0.063,0.957
2019-12-12 10:00,2019-12-12 11:00,0.224,0.008,0.083,1.428
2019-12-12 11:00,2019-12-12 12:00,0.241,0.009,0.088,1.739
2019-12-12 12:00,2019-12-12 13:00,0.211,0.009,0.078,1.748
2019-12-12 13:00,2019-12-12 14:00,0.151,0.008,0.058,1.437
2019-12-12 14:00,2019-12-12 15:00,0.059,0.005,0.027,0.700
2019-12-12 15:00,2019-12-12 16:00,0,0,0.002,-0.451
2019-12-12 16:00,2019-12-12 17:00,0,0,0,-1.140
2019-12-12 17:00,2019-12-12 18:00,0,0,0,-1.755
2019-12-12 18:00,2019-12-12 19:00,0,0,0,-2.253
2019-12-12 19:00,2019-12-12 20:00,0,0,0,-2.744
2019-12-12 20:00,2019-12-12 21:00,0,0,0,-3.137
2019-12-12 21:00,2019-12-12 22:00,0,0,0,-3.244
2019-12-12 22:00,2019-12-12 23:00,0,0,0,-3.127
2019-12-12 23:00,2019-12-13 00:00,0,0,0,-3.019
2019-12-13 00:00,2019-12-13 01:00,0,0,0,-3.289
2019-12-13 01:00,2019-12-13 02:00,0,0,0,-3.603
2019-12-13 02:00,2019-12-13 03:00,0,0,0,-3.667
2019-12-13 03:00,2019-12-13 04:00,0,0,0,-3.272
2019-12-13 04:00,2019-12-13 05:00,0,0,0,-2.570
2019-12-13 05:00,2019-12-13 06:00,0,0,0,-1.646
2019-12-13 06:00,2019-12-13 07:00,0,0,0,-1.362
2019-12-13 07:00,2019-12-13 08:00,0.027,0.003,0.016,-0.760
2019-12-13 08:00,2019-12-13 09:00,0.112,0.005,0.047,0.432
2019-12-13 09:00,2019-12-13 10:00,0.110,0.003,0.049,0.750
2019-12-13 10:00,2019-12-13 11:00,0.136,0.003,0.057,0.994
2019-12-13 11:00,2019-12-13 12:00,0.202,0.007,0.077,1.542
2019-12-13 12:00,2019-12-13 13:00,0.304,0.020,0.099,2.578
2019-12-13 13:00,2019-12-13 14:00,0.280,0.029,0.083,3.063
2019-12-13 14:00,2019-12-13 15:00,0.094,0.011,0.034,2.558
2019-12-13 15:00,2019-12-13 16:00,0,0,0.001,1.801
2019-12-13 16:00,2019-12-13 17:00,0,0,0,1.457
2019-12-13 17:00,2019-12-13 18:00,0,0,0,1.351
2019-12-13 18:00,2019-12-13 19:00,0,0,0,1.263
2019-12-13 19:00,2019-12-13 20:00,0,0,0,1.458
2019-12-13 20:00,2019-12-13 21:00,0,0,0,1.640
2019-12-13 21:00,2019-12-13 22:00,0,0,0,1.719
2019-12-13 22:00,2019-12-13 23:00,0,0,0,1.653
2019-12-13 23:00,2019-12-14 00:00,0,0,0,1.471
2019-12-14 00:00,2019-12-14 01:00,0,0,0,1.088
2019-12-14 01:00,2019-12-14 02:00,0,0,0,0.428
2019-12-14 02:00,2019-12-14 03:00,0,0,0,-0.701
2019-12-14 03:00,2019-12-14 04:00,0,0,0,-2.137
2019-12-14 04:00,2019-12-14 05:00,0,0,0,-1.633
2019-12-14 05:00,2019-12-14 06:00,0,0,0,-0.706
2019-12-14 06:00,2019-12-14 07:00,0,0,0,0.105
2019-12-14 07:00,2019-12-14 08:00,0.014,0.002,0.011,2.243
2019-12-14 08:00,2019-12-14 09:00,0.140,0.011,0.052,4.436
2019-12-14 09:00,2019-12-14 10:00,0.410,0.054,0.104,5.390
2019-12-14 10:00,2019-12-14 11:00,0.641,0.111,0.128,5.714
2019-12-14 11:00,2019-12-14 12:00,0.763,0.151,0.132,5.750
2019-12-14 12:00,2019-12-14 13:00,0.641,0.120,0.118,5.600
2019-12-14 13:00,2019-12-14 14:00,0.451,0.084,0.088,5.263
2019-12-14 14:00,2019-12-14 15:00,0.286,0.069,0.045,4.593
2019-12-14 15:00,2019-12-14 16:00,0,0.003,0.002,3.715
2019-12-14 16:00,2019-12-14 17:00,0,0,0,3.302
2019-12-14 17:00,2019-12-14 18:00,0,0,0,3.112
2019-12-14 18:00,2019-12-14 19:00,0,0,0,2.886
2019-12-14 19:00,2019-12-14 20:00,0,0,0,2.734
2019-12-14 20:00,2019-12-14 21:00,0,0,0,2.579
2019-12-14 21:00,2019-12-14 22:00,0,0,0,2.373
2019-12-14 22:00,2019-12-14 23:00,0,0,0,2.266
2019-12-14 23:00,2019-12-15 00:00,0,0,0,2.759
2019-12-15 00:00,2019-12-15 01:00,0,0,0,3.370
2019-12-15 01:00,2019-12-15 02:00,0,0,0,3.383
2019-12-15 02:00,2019-12-15 03:00,0,0,0,3.561
2019-12-15 03:00,2019-12-15 04:00,0,0,0,4.381
2019-12-15 04:00,2019-12-15 05:00,0,0,0,4.926
2019-12-15 05:00,2019-12-15 06:00,0,0,0,4.455
2019-12-15 06:00,2019-12-15 07:00,0,0,0,4.415
2019-12-15 07:00,2019-12-15 08:00,0.060,0.015,0.019,4.763
2019-12-15 08:00,2019-12-15 09:00,0.375,0.077,0.069,5.512
2019-12-15 09:00,2019-12-15 10:00,0.713,0.167,0.098,6.609
2019-12-15 10:00,2019-12-15 11:00,1.027,0.274,0.110,8.214
2019-12-15 11:00,2019-12-15 12:00,0.667,0.123,0.129,9.167
2019-12-15 12:00,2019-12-15 13:00,0.398,0.050,0.107,9.265
2019-12-15 13:00,2019-12-15 14:00,0.271,0.034,0.077,8.810
2019-12-15 14:00,2019-12-15 15:00,0.117,0.020,0.036,7.597
2019-12-15 15:00,2019-12-15 16:00,0,0.001,0.002,5.980
2019-12-15 16:00,2019-12-15 17:00,0,0,0,5.004
2019-12-15 17:00,2019-12-15 18:00,0,0,0,4.411
2019-12-15 18:00,2019-12-15 19:00,0,0,0,4.006
2019-12-15 19:00,2019-12-15 20:00,0,0,0,3.519
2019-12-15 20:00,2019-12-15 21:00,0,0,0,3.192
2019-12-15 21:00,2019-12-15 22:00,0,0,0,2.792
2019-12-15 22:00,2019-12-15 23:00,0,0,0,2.278
2019-12-15 23:00,2019-12-16 00:00,0,0,0,2.006
2019-12-16 00:00,2019-12-16 01:00,0,0,0,1.615
2019-12-16 01:00,2019-12-16 02:00,0,0,0,1.176
2019-12-16 02:00,2019-12-16 03:00,0,0,0,0.821
2019-12-16 03:00,2019-12-16 04:00,0,0,0,0.690
2019-12-16 04:00,2019-12-16 05:00,0,0,0,0.836
2019-12-16 05:00,2019-12-16 06:00,0,0,0,1.086
2019-12-16 06:00,2019-12-16 07:00,0,0,0,1.317
2019-12-16 07:00,2019-12-16 08:00,0.042,0.010,0.016,1.388
2019-12-16 08:00,2019-12-16 09:00,0.477,0.117,0.062,3.310
2019-12-16 09:00,2019-12-16 10:00,1.036,0.312,0.070,5.549
2019-12-16 10:00,2019-12-16 11:00,1.278,0.401,0.078,7.360
2019-12-16 11:00,2019-12-16 12:00,1.335,0.423,0.082,8.720
2019-12-16 12:00,2019-12-16 13:00,1.335,0.432,0.074,9.517
2019-12-16 13:00,2019-12-16 14:00,0.743,0.201,0.078,9.036
2019-12-16 14:00,2019-12-16 15:00,0.189,0.043,0.039,7.220
2019-12-16 15:00,2019-12-16 16:00,0,0.002,0.002,5.348
2019-12-16 16:00,2019-12-16 17:00,0,0,0,4.021
2019-12-16 17:00,2019-12-16 18:00,0,0,0,3.394
2019-12-16 18:00,2019-12-16 19:00,0,0,0,3.383
2019-12-16 19:00,2019-12-16 20:00,0,0,0,3.310
2019-12-16 20:00,2019-12-16 21:00,0,0,0,3.004
2019-12-16 21:00,2019-12-16 22:00,0,0,0,2.699
2019-12-16 22:00,2019-12-16 23:00,0,0,0,2.623
2019-12-16 23:00,2019-12-17 00:00,0,0,0,2.839
2019-12-17 00:00,2019-12-17 01:00,0,0,0,3.268
2019-12-17 01:00,2019-12-17 02:00,0,0,0,3.832
2019-12-17 02:00,2019-12-17 03:00,0,0,0,3.677
2019-12-17 03:00,2019-12-17 04:00,0,0,0,3.747
2019-12-17 04:00,2019-12-17 05:00,0,0,0,4.720
2019-12-17 05:00,2019-12-17 06:00,0,0,0,4.907
2019-12-17 06:00,2019-12-17 07:00,0,0,0,4.070
2019-12-17 07:00,2019-12-17 08:00,0.057,0.014,0.018,4.310
2019-12-17 08:00,2019-12-17 09:00,0.284,0.048,0.067,6.212
2019-12-17 09:00,2019-12-17 10:00,0.469,0.078,0.103,8.015
2019-12-17 10:00,2019-12-17 11:00,0.601,0.105,0.123,9.271
2019-12-17 11:00,2019-12-17 12:00,0.695,0.137,0.127,10.110
2019-12-17 12:00,2019-12-17 13:00,0.764,0.177,0.112,10.546
2019-12-17 13:00,2019-12-17 14:00,0.684,0.176,0.084,10.098
2019-12-17 14:00,2019-12-17 15:00,0.322,0.086,0.043,8.367
2019-12-17 15:00,2019-12-17 16:00,0,0.002,0.002,6.427
2019-12-17 16:00,2019-12-17 17:00,0,0,0,5.914
2019-12-17 17:00,2019-12-17 18:00,0,0,0,5.882
2019-12-17 18:00,2019-12-17 19:00,0,0,0,6.276
2019-12-17 19:00,2019-12-17 20:00,0,0,0,6.560
2019-12-17 20:00,2019-12-17 21:00,0,0,0,6.937
2019-12-17 21:00,2019-12-17 22:00,0,0,0,7.138
2019-12-17 22:00,2019-12-17 23:00,0,0,0,6.896
2019-12-17 23:00,2019-12-18 00:00,0,0,0,6.151
2019-12-18 00:00,2019-12-18 01:00,0,0,0,5.565
2019-12-18 01:00,2019-12-18 02:00,0,0,0,5.801
2019-12-18 02:00,2019-12-18 03:00,0,0,0,5.939
2019-12-18 03:00,2019-12-18 04:00,0,0,0,5.867
2019-12-18 04:00,2019-12-18 05:00,0,0,0,5.507
2019-12-18 05:00,2019-12-18 06:00,0,0,0,5.268
2019-12-18 06:00,2019-12-18 07:00,0,0,0,5.131
2019-12-18 07:00,2019-12-18 08:00,0.028,0.006,0.014,5.504
2019-12-18 08:00,2019-12-18 09:00,0.313,0.060,0.065,7.309
2019-12-18 09:00,2019-12-18 10:00,0.778,0.204,0.089,9.612
2019-12-18 10:00,2019-12-18 11:00,1.091,0.321,0.093,10.959
2019-12-18 11:00,2019-12-18 12:00,1.213,0.373,0.091,12.105
2019-12-18 12:00,2019-12-18 13:00,1.152,0.357,0.084,12.634
2019-12-18 13:00,2019-12-18 14:00,0.911,0.277,0.070,12.544
2019-12-18 14:00,2019-12-18 15:00,0.412,0.121,0.041,10.911
2019-12-18 15:00,2019-12-18 16:00,0,0.003,0.002,8.433
2019-12-18 16:00,2019-12-18 17:00,0,0,0,6.635
2019-12-18 17:00,2019-12-18 18:00,0,0,0,5.382
2019-12-18 18:00,2019-12-18 19:00,0,0,0,4.542
2019-12-18 19:00,2019-12-18 20:00,0,0,0,4.116
2019-12-18 20:00,2019-12-18 21:00,0,0,0,3.659
2019-12-18 21:00,2019-12-18 22:00,0,0,0,3.275
2019-12-18 22:00,2019-12-18 23:00,0,0,0,2.899
2019-12-18 23:00,2019-12-19 00:00,0,0,0,2.674
2019-12-19 00:00,2019-12-19 01:00,0,0,0,2.655
2019-12-19 01:00,2019-12-19 02:00,0,0,0,2.326
2019-12-19 02:00,2019-12-19 03:00,0,0,0,1.952
2019-12-19 03:00,2019-12-19 04:00,0,0,0,1.578
2019-12-19 04:00,2019-12-19 05:00,0,0,0,1.570
2019-12-19 05:00,2019-12-19 06:00,0,0,0,1.912
2019-12-19 06:00,2019-12-19 07:00,0,0,0,2.411
2019-12-19 07:00,2019-12-19 08:00,0.038,0.009,0.015,2.896
2019-12-19 08:00,2019-12-19 09:00,0.385,0.082,0.066,4.635
2019-12-19 09:00,2019-12-19 10:00,0.933,0.265,0.081,6.941
2019-12-19 10:00,2019-12-19 11:00,1.221,0.371,0.088,8.637
2019-12-19 11:00,2019-12-19 12:00,0.944,0.239,0.116,9.660
2019-12-19 12:00,2019-12-19 13:00,0.616,0.120,0.114,9.828
2019-12-19 13:00,2019-12-19 14:00,0.291,0.041,0.077,8.801
2019-12-19 14:00,2019-12-19 15:00,0.120,0.021,0.035,7.256
2019-12-19 15:00,2019-12-19 16:00,0,0.001,0.002,5.502
2019-12-19 16:00,2019-12-19 17:00,0,0,0,4.800
2019-12-19 17:00,2019-12-19 18:00,0,0,0,4.378
2019-12-19 18:00,2019-12-19 19:00,0,0,0,3.880
2019-12-19 19:00,2019-12-19 20:00,0,0,0,3.598
2019-12-19 20:00,2019-12-19 21:00,0,0,0,3.547
2019-12-19 21:00,2019-12-19 22:00,0,0,0,3.586
2019-12-19 22:00,2019-12-19 23:00,0,0,0,3.400
2019-12-19 23:00,2019-12-20 00:00,0,0,0,3.191
2019-12-20 00:00,2019-12-20 01:00,0,0,0,3.109
2019-12-20 01:00,2019-12-20 02:00,0,0,0,3.082
2019-12-20 02:00,2019-12-20 03:00,0,0,0,2.944
2019-12-20 03:00,2019-12-20 04:00,0,0,0,2.926
2019-12-20 04:00,2019-12-20 05:00,0,0,0,3.008
2019-12-20 05:00,2019-12-20 06:00,0,0,0,4.014
2019-12-20 06:00,2019-12-20 07:00,0,0,0,4.289
2019-12-20 07:00,2019-12-20 08:00,0.096,0.028,0.019,4.689
2019-12-20 08:00,2019-12-20 09:00,0.575,0.157,0.060,6.671
2019-12-20 09:00,2019-12-20 10:00,1.011,0.302,0.077,8.977
2019-12-20 10:00,2019-12-20 11:00,0.988,0.263,0.110,10.453
2019-12-20 11:00,2019-12-20 12:00,0.541,0.081,0.128,10.960
2019-12-20 12:00,2019-12-20 13:00,0.214,0.014,0.078,10.499
2019-12-20 13:00,2019-12-20 14:00,0.112,0.007,0.047,9.856
2019-12-20 14:00,2019-12-20 15:00,0.051,0.006,0.025,9.150
2019-12-20 15:00,2019-12-20 16:00,0,0,0.001,8.306
2019-12-20 16:00,2019-12-20 17:00,0,0,0,8.095
2019-12-20 17:00,2019-12-20 18:00,0,0,0,7.287
2019-12-20 18:00,2019-12-20 19:00,0,0,0,6.949
2019-12-20 19:00,2019-12-20 20:00,0,0,0,6.425
2019-12-20 20:00,2019-12-20 21:00,0,0,0,5.785
2019-12-20 21:00,2019-12-20 22:00,0,0,0,5.148
2019-12-20 22:00,2019-12-20 23:00,0,0,0,4.596
2019-12-20 23:00,2019-12-21 00:00,0,0,0,3.938
2019-12-21 00:00,2019-12-21 01:00,0,0,0,3.137
2019-12-21 01:00,2019-12-21 02:00,0,0,0,2.643
2019-12-21 02:00,2019-12-21 03:00,0,0,0,2.378
2019-12-21 03:00,2019-12-21 04:00,0,0,0,1.778
2019-12-21 04:00,2019-12-21 05:00,0,0,0,1.043
2019-12-21 05:00,2019-12-21 06:00,0,0,0,0.426
2019-12-21 06:00,2019-12-21 07:00,0,0,0,1.198
2019-12-21 07:00,2019-12-21 08:00,0.002,0,0.006,1.565
2019-12-21 08:00,2019-12-21 09:00,0.054,0.002,0.029,2.427
2019-12-21 09:00,2019-12-21 10:00,0.151,0.005,0.062,3.321
2019-12-21 10:00,2019-12-21 11:00,0.219,0.008,0.083,3.872
2019-12-21 11:00,2019-12-21 12:00,0.205,0.007,0.079,4.112
2019-12-21 12:00,2019-12-21 13:00,0.169,0.006,0.067,4.092
2019-12-21 13:00,2019-12-21 14:00,0.129,0.006,0.053,4.019
2019-12-21 14:00,2019-12-21 15:00,0.062,0.006,0.028,3.506
2019-12-21 15:00,2019-12-21 16:00,0,0.001,0.002,2.066
2019-12-21 16:00,2019-12-21 17:00,0,0,0,1.121
2019-12-21 17:00,2019-12-21 18:00,0,0,0,0.768
2019-12-21 18:00,2019-12-21 19:00,0,0,0,0.452
2019-12-21 19:00,2019-12-21 20:00,0,0,0,0.089
2019-12-21 20:00,2019-12-21 21:00,0,0,0,-0.184
2019-12-21 21:00,2019-12-21 22:00,0,0,0,-0.267
2019-12-21 22:00,2019-12-21 23:00,0,0,0,-0.475
2019-12-21 23:00,2019-12-22 00:00,0,0,0,-1.076
2019-12-22 00:00,2019-12-22 01:00,0,0,0,-1.033
2019-12-22 01:00,2019-12-22 02:00,0,0,0,-0.186
2019-12-22 02:00,2019-12-22 03:00,0,0,0,0.422
2019-12-22 03:00,2019-12-22 04:00,0,0,0,0.881
2019-12-22 04:00,2019-12-22 05:00,0,0,0,0.555
2019-12-22 05:00,2019-12-22 06:00,0,0,0,0.036
2019-12-22 06:00,2019-12-22 07:00,0,0,0,0.617
2019-12-22 07:00,2019-12-22 08:00,0.001,0,0.005,1.001
2019-12-22 08:00,2019-12-22 09:00,0.044,0.001,0.025,1.703
2019-12-22 09:00,2019-12-22 10:00,0.116,0.003,0.051,2.817
2019-12-22 10:00,2019-12-22 11:00,0.192,0.006,0.075,3.783
2019-12-22 11:00,2019-12-22 12:00,0.271,0.012,0.097,4.607
2019-12-22 12:00,2019-12-22 13:00,0.223,0.010,0.083,5.033
2019-12-22 13:00,2019-12-22 14:00,0.098,0.004,0.044,4.941
2019-12-22 14:00,2019-12-22 15:00,0.025,0.002,0.017,4.715
2019-12-22 15:00,2019-12-22 16:00,0,0,0.001,4.572
2019-12-22 16:00,2019-12-22 17:00,0,0,0,4.372
2019-12-22 17:00,2019-12-22 18:00,0,0,0,4.058
2019-12-22 18:00,2019-12-22 19:00,0,0,0,3.747
2019-12-22 19:00,2019-12-22 20:00,0,0,0,3.608
2019-12-22 20:00,2019-12-22 21:00,0,0,0,3.647
2019-12-22 21:00,2019-12-22 22:00,0,0,0,3.509
2019-12-22 22:00,2019-12-22 23:00,0,0,0,3.106
2019-12-22 23:00,2019-12-23 00:00,0,0,0,2.693
2019-12-23 00:00,2019-12-23 01:00,0,0,0,2.548
2019-12-23 01:00,2019-12-23 02:00,0,0,0,2.677
2019-12-23 02:00,2019-12-23 03:00,0,0,0,2.809
2019-12-23 03:00,2019-12-23 04:00,0,0,0,2.919
2019-12-23 04:00,2019-12-23 05:00,0,0,0,2.941
2019-12-23 05:00,2019-12-23 06:00,0,0,0,2.906
2019-12-23 06:00,2019-12-23 07:00,0,0,0,2.910
2019-12-23 07:00,2019-12-23 08:00,0.003,0.001,0.007,2.954
2019-12-23 08:00,2019-12-23 09:00,0.067,0.002,0.033,3.208
2019-12-23 09:00,2019-12-23 10:00,0.152,0.005,0.062,3.613
2019-12-23 10:00,2019-12-23 11:00,0.229,0.009,0.086,4.089
2019-12-23 11:00,2019-12-23 12:00,0.234,0.009,0.087,4.428
2019-12-23 12:00,2019-12-23 13:00,0.225,0.011,0.082,4.581
2019-12-23 13:00,2019-12-23 14:00,0.175,0.011,0.064,4.551
2019-12-23 14:00,2019-12-23 15:00,0.068,0.007,0.029,4.246
2019-12-23 15:00,2019-12-23 16:00,0,0,0.001,3.836
2019-12-23 16:00,2019-12-23 17:00,0,0,0,3.640
2019-12-23 17:00,2019-12-23 18:00,0,0,0,3.541
2019-12-23 18:00,2019-12-23 19:00,0,0,0,3.475
2019-12-23 19:00,2019-12-23 20:00,0,0,0,3.450
2019-12-23 20:00,2019-12-23 21:00,0,0,0,3.436
2019-12-23 21:00,2019-12-23 22:00,0,0,0,3.375
2019-12-23 22:00,2019-12-23 23:00,0,0,0,3.194
2019-12-23 23:00,2019-12-24 00:00,0,0,0,2.978
2019-12-24 00:00,2019-12-24 01:00,0,0,0,2.875
2019-12-24 01:00,2019-12-24 02:00,0,0,0,2.858
2019-12-24 02:00,2019-12-24 03:00,0,0,0,2.781
2019-12-24 03:00,2019-12-24 04:00,0,0,0,2.712
2019-12-24 04:00,2019-12-24 05:00,0,0,0,2.588
2019-12-24 05:00,2019-12-24 06:00,0,0,0,2.269
2019-12-24 06:00,2019-12-24 07:00,0,0,0,1.327
2019-12-24 07:00,2019-12-24 08:00,0.064,0.015,0.019,0.535
2019-12-24 08:00,2019-12-24 09:00,0.354,0.063,0.074,1.981
2019-12-24 09:00,2019-12-24 10:00,0.408,0.048,0.107,2.991
2019-12-24 10:00,2019-12-24 11:00,0.306,0.019,0.102,3.704
2019-12-24 11:00,2019-12-24 12:00,0.308,0.018,0.104,4.185
2019-12-24 12:00,2019-12-24 13:00,0.186,0.008,0.072,4.089
2019-12-24 13:00,2019-12-24 14:00,0.037,0.001,0.023,3.867
2019-12-24 14:00,2019-12-24 15:00,0.005,0,0.008,4.041
2019-12-24 15:00,2019-12-24 16:00,0,0,0,4.156
2019-12-24 16:00,2019-12-24 17:00,0,0,0,4.273
2019-12-24 17:00,2019-12-24 18:00,0,0,0,4.420
2019-12-24 18:00,2019-12-24 19:00,0,0,0,4.442
2019-12-24 19:00,2019-12-24 20:00,0,0,0,4.226
2019-12-24 20:00,2019-12-24 21:00,0,0,0,3.780
2019-12-24 21:00,2019-12-24 22:00,0,0,0,3.290
2019-12-24 22:00,2019-12-24 23:00,0,0,0,3.170
2019-12-24 23:00,2019-12-25 00:00,0,0,0,3.216
2019-12-25 00:00,2019-12-25 01:00,0,0,0,3.400
2019-12-25 01:00,2019-12-25 02:00,0,0,0,3.399
2019-12-25 02:00,2019-12-25 03:00,0,0,0,3.450
2019-12-25 03:00,2019-12-25 04:00,0,0,0,3.635
2019-12-25 04:00,2019-12-25 05:00,0,0,0,3.758
2019-12-25 05:00,2019-12-25 06:00,0,0,0,3.705
2019-12-25 06:00,2019-12-25 07:00,0,0,0,3.540
2019-12-25 07:00,2019-12-25 08:00,0.005,0.001,0.008,3.466
2019-12-25 08:00,2019-12-25 09:00,0.074,0.002,0.036,3.655
2019-12-25 09:00,2019-12-25 10:00,0.145,0.004,0.060,3.916
2019-12-25 10:00,2019-12-25 11:00,0.181,0.005,0.072,4.157
2019-12-25 11:00,2019-12-25 12:00,0.183,0.005,0.073,4.281
2019-12-25 12:00,2019-12-25 13:00,0.151,0.005,0.062,4.438
2019-12-25 13:00,2019-12-25 14:00,0.109,0.004,0.047,4.635
2019-12-25 14:00,2019-12-25 15:00,0.057,0.005,0.027,4.329
2019-12-25 15:00,2019-12-25 16:00,0,0,0.001,3.569
2019-12-25 16:00,2019-12-25 17:00,0,0,0,3.075
2019-12-25 17:00,2019-12-25 18:00,0,0,0,2.816
2019-12-25 18:00,2019-12-25 19:00,0,0,0,2.712
2019-12-25 19:00,2019-12-25 20:00,0,0,0,2.626
2019-12-25 20:00,2019-12-25 21:00,0,0,0,2.390
2019-12-25 21:00,2019-12-25 22:00,0,0,0,2.092
2019-12-25 22:00,2019-12-25 23:00,0,0,0,1.911
2019-12-25 23:00,2019-12-26 00:00,0,0,0,1.813
2019-12-26 00:00,2019-12-26 01:00,0,0,0,1.699
2019-12-26 01:00,2019-12-26 02:00,0,0,0,1.609
2019-12-26 02:00,2019-12-26 03:00,0,0,0,1.592
2019-12-26 03:00,2019-12-26 04:00,0,0,0,1.638
2019-12-26 04:00,2019-12-26 05:00,0,0,0,1.621
2019-12-26 05:00,2019-12-26 06:00,0,0,0,1.556
2019-12-26 06:00,2019-12-26 07:00,0,0,0,1.365
2019-12-26 07:00,2019-12-26 08:00,0.014,0.002,0.011,1.251
2019-12-26 08:00,2019-12-26 09:00,0.161,0.015,0.054,1.754
2019-12-26 09:00,2019-12-26 10:00,0.581,0.111,0.104,2.464
2019-12-26 10:00,2019-12-26 11:00,1.020,0.266,0.106,3.420
2019-12-26 11:00,2019-12-26 12:00,1.433,0.448,0.083,4.244
2019-12-26 12:00,2019-12-26 13:00,1.275,0.386,0.084,4.599
2019-12-26 13:00,2019-12-26 14:00,0.623,0.145,0.086,4.402
2019-12-26 14:00,2019-12-26 15:00,0.089,0.013,0.031,3.357
2019-12-26 15:00,2019-12-26 16:00,0,0,0.001,2.104
2019-12-26 16:00,2019-12-26 17:00,0,0,0,1.694
2019-12-26 17:00,2019-12-26 18:00,0,0,0,1.581
2019-12-26 18:00,2019-12-26 19:00,0,0,0,1.370
2019-12-26 19:00,2019-12-26 20:00,0,0,0,1.063
2019-12-26 20:00,2019-12-26 21:00,0,0,0,0.919
2019-12-26 21:00,2019-12-26 22:00,0,0,0,0.800
2019-12-26 22:00,2019-12-26 23:00,0,0,0,0.601
2019-12-26 23:00,2019-12-27 00:00,0,0,0,0.255
2019-12-27 00:00,2019-12-27 01:00,0,0,0,-0.148
2019-12-27 01:00,2019-12-27 02:00,0,0,0,-0.449
2019-12-27 02:00,2019-12-27 03:00,0,0,0,-0.309
2019-12-27 03:00,2019-12-27 04:00,0,0,0,-0.224
2019-12-27 04:00,2019-12-27 05:00,0,0,0,-0.150
2019-12-27 05:00,2019-12-27 06:00,0,0,0,0.168
2019-12-27 06:00,2019-12-27 07:00,0,0,0,0.455
2019-12-27 07:00,2019-12-27 08:00,0.005,0.001,0.008,0.874
2019-12-27 08:00,2019-12-27 09:00,0.071,0.002,0.035,1.773
2019-12-27 09:00,2019-12-27 10:00,0.149,0.005,0.061,2.336
2019-12-27 10:00,2019-12-27 11:00,0.243,0.010,0.089,2.691
2019-12-27 11:00,2019-12-27 12:00,0.288,0.014,0.100,2.942
2019-12-27 12:00,2019-12-27 13:00,0.235,0.012,0.084,2.979
2019-12-27 13:00,2019-12-27 14:00,0.173,0.011,0.064,2.885
2019-12-27 14:00,2019-12-27 15:00,0.069,0.007,0.030,2.287
2019-12-27 15:00,2019-12-27 16:00,0,0,0.001,1.081
2019-12-27 16:00,2019-12-27 17:00,0,0,0,0.691
2019-12-27 17:00,2019-12-27 18:00,0,0,0,0.292
2019-12-27 18:00,2019-12-27 19:00,0,0,0,-0.204
2019-12-27 19:00,2019-12-27 20:00,0,0,0,-0.730
2019-12-27 20:00,2019-12-27 21:00,0,0,0,-1.201
2019-12-27 21:00,2019-12-27 22:00,0,0,0,-1.732
2019-12-27 22:00,2019-12-27 23:00,0,0,0,-2.136
2019-12-27 23:00,2019-12-28 00:00,0,0,0,-2.341
2019-12-28 00:00,2019-12-28 01:00,0,0,0,-2.369
2019-12-28 01:00,2019-12-28 02:00,0,0,0,-2.332
2019-12-28 02:00,2019-12-28 03:00,0,0,0,-2.166
2019-12-28 03:00,2019-12-28 04:00,0,0,0,-2.043
2019-12-28 04:00,2019-12-28 05:00,0,0,0,-2.001
2019-12-28 05:00,2019-12-28 06:00,0,0,0,-2.195
2019-12-28 06:00,2019-12-28 07:00,0,0,0,-2.278
2019-12-28 07:00,2019-12-28 08:00,0.045,0.010,0.016,-2.068
2019-12-28 08:00,2019-12-28 09:00,0.301,0.051,0.066,-0.793
2019-12-28 09:00,2019-12-28 10:00,0.599,0.117,0.101,0.337
2019-12-28 10:00,2019-12-28 11:00,0.867,0.198,0.114,0.831
2019-12-28 11:00,2019-12-28 12:00,1.176,0.322,0.103,1.155
2019-12-28 12:00,2019-12-28 13:00,1.134,0.317,0.092,1.163
2019-12-28 13:00,2019-12-28 14:00,0.849,0.228,0.077,0.800
2019-12-28 14:00,2019-12-28 15:00,0.278,0.067,0.042,-0.431
2019-12-28 15:00,2019-12-28 16:00,0,0.002,0.002,-2.130
2019-12-28 16:00,2019-12-28 17:00,0,0,0,-2.416
2019-12-28 17:00,2019-12-28 18:00,0,0,0,-2.657
2019-12-28 18:00,2019-12-28 19:00,0,0,0,-3.133
2019-12-28 19:00,2019-12-28 20:00,0,0,0,-3.705
2019-12-28 20:00,2019-12-28 21:00,0,0,0,-4.179
2019-12-28 21:00,2019-12-28 22:00,0,0,0,-4.548
2019-12-28 22:00,2019-12-28 23:00,0,0,0,-4.292
2019-12-28 23:00,2019-12-29 00:00,0,0,0,-3.953
2019-12-29 00:00,2019-12-29 01:00,0,0,0,-3.718
2019-12-29 01:00,2019-12-29 02:00,0,0,0,-3.389
2019-12-29 02:00,2019-12-29 03:00,0,0,0,-3.221
2019-12-29 03:00,2019-12-29 04:00,0,0,0,-3.915
2019-12-29 04:00,2019-12-29 05:00,0,0,0,-4.392
2019-12-29 05:00,2019-12-29 06:00,0,0,0,-4.560
2019-12-29 06:00,2019-12-29 07:00,0,0,0,-4.752
2019-12-29 07:00,2019-12-29 08:00,0.187,0.061,0.016,-4.377
2019-12-29 08:00,2019-12-29 09:00,0.783,0.238,0.040,-2.380
2019-12-29 09:00,2019-12-29 10:00,1.265,0.406,0.048,-0.614
2019-12-29 10:00,2019-12-29 11:00,1.557,0.519,0.051,0.707
2019-12-29 11:00,2019-12-29 12:00,1.696,0.577,0.050,1.380
2019-12-29 12:00,2019-12-29 13:00,1.592,0.536,0.050,1.480
2019-12-29 13:00,2019-12-29 14:00,1.324,0.436,0.045,1.133
2019-12-29 14:00,2019-12-29 15:00,0.717,0.225,0.033,-0.502
2019-12-29 15:00,2019-12-29 16:00,0.008,0.007,0.002,-2.675
2019-12-29 16:00,2019-12-29 17:00,0,0,0,-3.237
2019-12-29 17:00,2019-12-29 18:00,0,0,0,-3.252
2019-12-29 18:00,2019-12-29 19:00,0,0,0,-3.305
2019-12-29 19:00,2019-12-29 20:00,0,0,0,-3.293
2019-12-29 20:00,2019-12-29 21:00,0,0,0,-3.157
2019-12-29 21:00,2019-12-29 22:00,0,0,0,-3.010
2019-12-29 22:00,2019-12-29 23:00,0,0,0,-2.861
2019-12-29 23:00,2019-12-30 00:00,0,0,0,-2.873
2019-12-30 00:00,2019-12-30 01:00,0,0,0,-2.709
2019-12-30 01:00,2019-12-30 02:00,0,0,0,-2.480
2019-12-30 02:00,2019-12-30 03:00,0,0,0,-2.392
2019-12-30 03:00,2019-12-30 04:00,0,0,0,-2.464
2019-12-30 04:00,2019-12-30 05:00,0,0,0,-2.620
2019-12-30 05:00,2019-12-30 06:00,0,0,0,-2.560
2019-12-30 06:00,2019-12-30 07:00,0,0,0,-2.471
2019-12-30 07:00,2019-12-30 08:00,0.168,0.054,0.017,-1.875
2019-12-30 08:00,2019-12-30 09:00,0.726,0.217,0.045,0.407
2019-12-30 09:00,2019-12-30 10:00,1.198,0.381,0.054,1.872
2019-12-30 10:00,2019-12-30 11:00,1.468,0.482,0.059,2.864
2019-12-30 11:00,2019-12-30 12:00,1.590,0.534,0.059,3.709
2019-12-30 12:00,2019-12-30 13:00,1.492,0.496,0.058,4.024
2019-12-30 13:00,2019-12-30 14:00,1.140,0.360,0.056,3.472
2019-12-30 14:00,2019-12-30 15:00,0.446,0.128,0.039,1.413
2019-12-30 15:00,2019-12-30 16:00,0.003,0.005,0.002,-0.398
2019-12-30 16:00,2019-12-30 17:00,0,0,0,-0.508
2019-12-30 17:00,2019-12-30 18:00,0,0,0,-0.285
2019-12-30 18:00,2019-12-30 19:00,0,0,0,-0.146
2019-12-30 19:00,2019-12-30 20:00,0,0,0,-0.182
2019-12-30 20:00,2019-12-30 21:00,0,0,0,-0.540
2019-12-30 21:00,2019-12-30 22:00,0,0,0,-0.673
2019-12-30 22:00,2019-12-30 23:00,0,0,0,-0.738
2019-12-30 23:00,2019-12-31 00:00,0,0,0,-0.503
2019-12-31 00:00,2019-12-31 01:00,0,0,0,-0.537
2019-12-31 01:00,2019-12-31 02:00,0,0,0,-0.489
2019-12-31 02:00,2019-12-31 03:00,0,0,0,-0.479
2019-12-31 03:00,2019-12-31 04:00,0,0,0,-0.536
2019-12-31 04:00,2019-12-31 05:00,0,0,0,-0.661
2019-12-31 05:00,2019-12-31 06:00,0,0,0,-0.631
2019-12-31 06:00,2019-12-31 07:00,0,0,0,-0.661
2019-12-31 07:00,2019-12-31 08:00,0.147,0.046,0.018,-0.285
2019-12-31 08:00,2019-12-31 09:00,0.706,0.210,0.047,1.566
2019-12-31 09:00,2019-12-31 10:00,1.204,0.385,0.054,3.167
2019-12-31 10:00,2019-12-31 11:00,1.383,0.444,0.067,4.191
2019-12-31 11:00,2019-12-31 12:00,1.403,0.445,0.075,4.602
2019-12-31 12:00,2019-12-31 13:00,1.336,0.423,0.071,4.603
2019-12-31 13:00,2019-12-31 14:00,1.065,0.327,0.062,3.741
2019-12-31 14:00,2019-12-31 15:00,0.411,0.114,0.041,1.550
2019-12-31 15:00,2019-12-31 16:00,0.002,0.004,0.002,0.186
2019-12-31 16:00,2019-12-31 17:00,0,0,0,0.323
2019-12-31 17:00,2019-12-31 18:00,0,0,0,0.424
2019-12-31 18:00,2019-12-31 19:00,0,0,0,-0.011
2019-12-31 19:00,2019-12-31 20:00,0,0,0,-0.512
2019-12-31 20:00,2019-12-31 21:00,0,0,0,-0.820
2019-12-31 21:00,2019-12-31 22:00,0,0,0,-0.993
2019-12-31 22:00,2019-12-31 23:00,0,0,0,-0.802
2019-12-31 23:00,2020-01-01 00:00,0,0,0,-0.610
